0.593387755992
0.976858145752
0.284529174447
0.894330568148
0.789146733743
0.185357153974
0.711182762573
0.0197650367113
0.639561844955
0.868335445076
0.917050328179
0.2723747248
0.486256646594
0.754073852138
0.870866730919
0.326012234801
0.784492694504
0.665156762469
0.40759063156
0.719370744015
0.352107673665
0.664739245349
0.0472958544997
0.911950002841
0.99660239322
0.803288597611
0.463153828378
0.750353330925
0.513272222243
0.205505148961
0.062533086775
0.517825880798
0.854079532155
0.640137246234
0.300314113976
0.293145840854
0.0905702439795
0.0389387217206
0.609528169626
0.82929754533
0.233181735413
0.642469267764
0.326507552001
0.769788181867
0.317792513052
0.0962597969603
0.57194433296
0.799809341467
0.977926042157
0.456069553661
0.119584980738
0.0709455795734
0.440343638016
0.590365833192
0.725901278211
0.274447699015
0.13214352841
0.0669796854004
0.7127921717
0.664405981796
0.292398746158
0.54482982374
0.445927451789
0.0789417268591
0.530662655931
0.696243827133
0.919889855887
0.0871856010584
0.474466409553
0.261828311375
0.135783005011
0.22193865072
0.72849946971
0.376913304621
0.851390862218
0.77790445241
0.918146024783
0.938361376551
0.807339616952
0.786159435631
0.506604426521
0.314856230153
0.75759691913
0.0523858407726
0.5784180677
0.816193777571
0.703251309805
0.0925517208688
0.370904737683
0.499986715823
0.664261576992
0.537924697081
0.00969559669222
0.0994499642844
0.762341124276
0.0944342999361
0.772189391045
0.496677050599
0.904815766324
