0.700806025701
0.978709429293
0.0160920459696
0.545809951697
0.478696692102
0.760105668491
0.707307276841
0.516305641861
0.550823623943
0.822312956919
0.225080747922
0.640096221334
0.647655760964
0.186814064984
0.919139250913
0.034771753298
0.56057254853
0.779797865266
0.485003541558
0.679534343581
0.470955041861
0.111203990536
0.0865659840447
0.432912669445
0.0788953407993
0.645032033665
0.639726603144
0.847813403002
0.886019658648
0.933924145391
0.973061612412
0.863113508372
0.700448676409
0.819442174377
0.58308529256
0.55192172503
0.740198680018
0.14813002815
0.77527590423
0.823031759172
0.568175025149
0.462547611302
0.209469292099
0.0982762906861
0.291112301323
0.923569595724
0.301752844615
0.685843673613
0.227769844726
0.379802740556
0.963357372611
0.848025589943
0.381066521661
0.316578950963
0.355699725269
0.398555511622
0.310268062868
0.662803285438
0.868269995177
0.357119671928
0.552149245538
0.0422161452386
0.580089207525
0.186301617615
0.632455777615
0.402251581105
0.761190958195
0.469838152003
0.396823869018
0.00574712121481
0.0219686141366
0.280886721308
0.683007133904
0.154813659164
0.411883147416
0.572265906991
0.885482119072
0.573359162363
0.140972632314
0.164338158734
0.344476607656
0.439728843408
0.721862484212
0.583786920975
0.925571713651
0.0597603662259
0.840462105099
0.415889042537
0.492698248886
0.217207632757
0.791373578411
0.442981267104
0.757922716134
0.173596862545
0.642243236273
0.324949097334
0.276707821106
0.226905224713
0.0164762835992
