0.640459429388
0.569061646592
0.89990153446
0.207510837726
0.00266013943799
0.515367424485
0.861275846843
0.948435744669
0.230835792143
0.00869346245175
0.0966923098242
0.60312390343
0.120935637364
0.64163802794
0.160166455419
0.800779848634
0.614689239548
0.883194990426
0.261719868312
0.705669165168
0.186420503425
0.412275667578
0.292112000156
0.0790991752467
0.111974988624
0.668397546707
0.181984423837
0.994326620191
0.867577334623
0.254516476017
0.770857849369
0.940110508339
0.380722406063
0.894272724968
0.202192336074
0.355442673702
0.00288445232617
0.318689333708
0.254026685072
0.173202406245
0.181725304261
0.0121746588344
0.370503728506
0.556565791671
0.177061598095
0.0836501021387
0.53850028275
0.0539652674181
0.271129692751
0.439927070878
0.011472555385
0.20173319233
0.225656573784
0.0949444894381
0.0471205248763
0.752384636083
0.812966101883
0.283344499807
0.931760919525
0.871549300263
0.696601754753
0.61542278841
0.586219976287
0.744943958385
0.151481917048
0.0757786374412
0.959227978044
0.52968788672
0.162230088592
0.88760875374
0.543132967201
0.264967700923
0.069948478939
0.426926963577
0.636807887101
0.083684150201
0.665063861075
0.557858705619
0.822966568986
0.455972189862
0.856101586717
0.414871407239
0.511597451415
0.150540857651
0.370438269961
0.275308010481
0.837849313741
0.0920420964733
0.194397600941
0.216875549842
0.624298951853
0.301808604256
0.0401833190852
0.150611612402
0.324048541294
0.523234843302
0.0248658667788
0.0322957848209
0.613137618476
0.332856339818
0.188782170013
0.540197985169
0.534577831048
0.809639025777
0.28307317928
0.816967083034
0.509265569621
0.94758815011
0.320865721886
0.38088198901
0.845822056868
0.0906216747491
0.85685620622
0.994840955722
0.0897273542911
0.0879180251364
0.326504588765
0.209358690071
0.391863796846
0.773224954744
0.862523233189
0.675368484959
0.984341949375
0.309139684022
0.392692705373
0.299752166533
0.866385746249
0.0186557887319
0.461018974841
