RECORRIDO INICIAL
	RECORRIDO: 98 44 83 29 2 65 31 15 48 96 8 33 95 54 85 56 93 13 72 45 63 10 58 7 41 55 87 97 68 17 82 75 40 20 9 50 70 79 71 34 86 51 19 57 12 53 3 52 88 64 16 73 26 36 46 14 38 80 66 5 62 81 76 6 60 74 42 37 67 1 28 11 35 24 4 78 27 39 89 23 92 84 43 32 49 18 47 25 22 90 69 21 77 59 61 99 94 91 30 
	COSTE (km): 4950

ITERACION: 1
	INTERCAMBIO: (98, 56)
	RECORRIDO: 98 44 83 29 2 65 31 15 48 96 8 33 95 54 85 56 93 13 72 45 63 10 58 7 41 55 87 97 68 17 82 75 40 20 9 50 70 79 71 34 86 51 19 57 12 53 3 52 88 64 16 73 26 36 46 14 30 80 66 5 62 81 76 6 60 74 42 37 67 1 28 11 35 24 4 78 27 39 89 23 92 84 43 32 49 18 47 25 22 90 69 21 77 59 61 99 94 91 38 
	COSTE (km): 4559
	ITERACIONES SIN MEJORA: 0
	LISTA TABU:
	98 56

ITERACION: 2
	INTERCAMBIO: (98, 15)
	RECORRIDO: 98 44 83 29 2 65 31 15 48 96 8 33 95 54 85 38 93 13 72 45 63 10 58 7 41 55 87 97 68 17 82 75 40 20 9 50 70 79 71 34 86 51 19 57 12 53 3 52 88 64 16 73 26 36 46 14 30 80 66 5 62 81 76 6 60 74 42 37 67 1 28 11 35 24 4 78 27 39 89 23 92 84 43 32 49 18 47 25 22 90 69 21 77 59 61 99 94 91 56 
	COSTE (km): 4603
	ITERACIONES SIN MEJORA: 1
	LISTA TABU:
	98 56
	98 15

ITERACION: 3
	INTERCAMBIO: (17, 16)
	RECORRIDO: 98 44 83 29 2 65 31 15 48 96 8 33 95 54 85 38 13 93 72 45 63 10 58 7 41 55 87 97 68 17 82 75 40 20 9 50 70 79 71 34 86 51 19 57 12 53 3 52 88 64 16 73 26 36 46 14 30 80 66 5 62 81 76 6 60 74 42 37 67 1 28 11 35 24 4 78 27 39 89 23 92 84 43 32 49 18 47 25 22 90 69 21 77 59 61 99 94 91 56 
	COSTE (km): 4435
	ITERACIONES SIN MEJORA: 0
	LISTA TABU:
	98 56
	98 15
	17 16

ITERACION: 4
	INTERCAMBIO: (56, 42)
	RECORRIDO: 98 44 83 29 2 65 31 15 48 96 8 33 95 54 85 38 13 93 72 45 63 10 58 7 41 55 87 97 68 17 82 75 40 20 9 50 70 79 71 34 86 51 30 57 12 53 3 52 88 64 16 73 26 36 46 14 19 80 66 5 62 81 76 6 60 74 42 37 67 1 28 11 35 24 4 78 27 39 89 23 92 84 43 32 49 18 47 25 22 90 69 21 77 59 61 99 94 91 56 
	COSTE (km): 4497
	ITERACIONES SIN MEJORA: 1
	LISTA TABU:
	98 56
	98 15
	17 16
	56 42

ITERACION: 5
	INTERCAMBIO: (74, 72)
	RECORRIDO: 98 44 83 29 2 65 31 15 48 96 8 33 95 54 85 38 13 93 72 45 63 10 58 7 41 55 87 97 68 17 82 75 40 20 9 50 70 79 71 34 86 51 30 57 12 53 3 52 88 64 16 73 26 36 46 14 19 80 66 5 62 81 76 6 60 74 42 37 67 1 28 11 4 24 35 78 27 39 89 23 92 84 43 32 49 18 47 25 22 90 69 21 77 59 61 99 94 91 56 
	COSTE (km): 4563
	ITERACIONES SIN MEJORA: 2
	LISTA TABU:
	98 56
	98 15
	17 16
	56 42
	74 72

ITERACION: 6
	INTERCAMBIO: (59, 15)
	RECORRIDO: 98 44 83 29 2 65 31 15 48 96 8 33 95 54 85 5 13 93 72 45 63 10 58 7 41 55 87 97 68 17 82 75 40 20 9 50 70 79 71 34 86 51 30 57 12 53 3 52 88 64 16 73 26 36 46 14 19 80 66 38 62 81 76 6 60 74 42 37 67 1 28 11 4 24 35 78 27 39 89 23 92 84 43 32 49 18 47 25 22 90 69 21 77 59 61 99 94 91 56 
	COSTE (km): 4640
	ITERACIONES SIN MEJORA: 3
	LISTA TABU:
	98 56
	98 15
	17 16
	56 42
	74 72
	59 15

ITERACION: 7
	INTERCAMBIO: (45, 43)
	RECORRIDO: 98 44 83 29 2 65 31 15 48 96 8 33 95 54 85 5 13 93 72 45 63 10 58 7 41 55 87 97 68 17 82 75 40 20 9 50 70 79 71 34 86 51 30 53 12 57 3 52 88 64 16 73 26 36 46 14 19 80 66 38 62 81 76 6 60 74 42 37 67 1 28 11 4 24 35 78 27 39 89 23 92 84 43 32 49 18 47 25 22 90 69 21 77 59 61 99 94 91 56 
	COSTE (km): 4711
	ITERACIONES SIN MEJORA: 4
	LISTA TABU:
	98 56
	98 15
	17 16
	56 42
	74 72
	59 15
	45 43

ITERACION: 8
	INTERCAMBIO: (69, 68)
	RECORRIDO: 98 44 83 29 2 65 31 15 48 96 8 33 95 54 85 5 13 93 72 45 63 10 58 7 41 55 87 97 68 17 82 75 40 20 9 50 70 79 71 34 86 51 30 53 12 57 3 52 88 64 16 73 26 36 46 14 19 80 66 38 62 81 76 6 60 74 42 37 1 67 28 11 4 24 35 78 27 39 89 23 92 84 43 32 49 18 47 25 22 90 69 21 77 59 61 99 94 91 56 
	COSTE (km): 4806
	ITERACIONES SIN MEJORA: 5
	LISTA TABU:
	98 56
	98 15
	17 16
	56 42
	74 72
	59 15
	45 43
	69 68

ITERACION: 9
	INTERCAMBIO: (90, 88)
	RECORRIDO: 98 44 83 29 2 65 31 15 48 96 8 33 95 54 85 5 13 93 72 45 63 10 58 7 41 55 87 97 68 17 82 75 40 20 9 50 70 79 71 34 86 51 30 53 12 57 3 52 88 64 16 73 26 36 46 14 19 80 66 38 62 81 76 6 60 74 42 37 1 67 28 11 4 24 35 78 27 39 89 23 92 84 43 32 49 18 47 25 69 90 22 21 77 59 61 99 94 91 56 
	COSTE (km): 4902
	ITERACIONES SIN MEJORA: 6
	LISTA TABU:
	98 56
	98 15
	17 16
	56 42
	74 72
	59 15
	45 43
	69 68
	90 88

ITERACION: 10
	INTERCAMBIO: (96, 64)
	RECORRIDO: 98 44 83 29 2 65 31 15 48 96 8 33 95 54 85 5 13 93 72 45 63 10 58 7 41 55 87 97 68 17 82 75 40 20 9 50 70 79 71 34 86 51 30 53 12 57 3 52 88 64 16 73 26 36 46 14 19 80 66 38 62 81 76 6 94 74 42 37 1 67 28 11 4 24 35 78 27 39 89 23 92 84 43 32 49 18 47 25 69 90 22 21 77 59 61 99 60 91 56 
	COSTE (km): 5050
	ITERACIONES SIN MEJORA: 7
	LISTA TABU:
	98 56
	98 15
	17 16
	56 42
	74 72
	59 15
	45 43
	69 68
	90 88
	96 64

***************
REINICIO: 1
***************

ITERACION: 11
	INTERCAMBIO: (96, 95)
	RECORRIDO: 98 7 55 87 88 99 61 92 49 32 57 19 48 85 56 93 82 75 17 79 22 33 38 80 66 81 76 13 72 31 15 77 8 96 84 20 9 50 70 44 83 29 51 86 12 89 16 64 27 39 65 5 90 41 60 14 91 78 11 4 24 30 95 54 42 74 18 47 25 58 10 52 62 26 36 46 67 34 69 68 23 43 97 21 2 73 40 45 63 28 1 37 59 53 3 35 6 94 71 
	COSTE (km): 4790
	ITERACIONES SIN MEJORA: 1
	LISTA TABU:
	98 56
	98 15
	17 16
	56 42
	74 72
	59 15
	45 43
	69 68
	90 88
	96 64
	96 95

ITERACION: 12
	INTERCAMBIO: (98, 20)
	RECORRIDO: 98 7 55 87 88 99 61 92 49 32 57 19 48 85 56 93 82 75 17 79 71 33 38 80 66 81 76 13 72 31 15 77 8 96 84 20 9 50 70 44 83 29 51 86 12 89 16 64 27 39 65 5 90 41 60 14 91 78 11 4 24 30 95 54 42 74 18 47 25 58 10 52 62 26 36 46 67 34 69 68 23 43 97 21 2 73 40 45 63 28 1 37 59 53 3 35 6 94 22 
	COSTE (km): 4601
	ITERACIONES SIN MEJORA: 2
	LISTA TABU:
	98 56
	98 15
	17 16
	56 42
	74 72
	59 15
	45 43
	69 68
	90 88
	96 64
	96 95
	98 20

ITERACION: 13
	INTERCAMBIO: (97, 19)
	RECORRIDO: 98 7 55 87 88 99 61 92 49 32 57 19 48 85 56 93 82 75 17 94 71 33 38 80 66 81 76 13 72 31 15 77 8 96 84 20 9 50 70 44 83 29 51 86 12 89 16 64 27 39 65 5 90 41 60 14 91 78 11 4 24 30 95 54 42 74 18 47 25 58 10 52 62 26 36 46 67 34 69 68 23 43 97 21 2 73 40 45 63 28 1 37 59 53 3 35 6 79 22 
	COSTE (km): 4399
	ITERACIONES SIN MEJORA: 0
	LISTA TABU:
	98 56
	98 15
	17 16
	56 42
	74 72
	59 15
	45 43
	69 68
	90 88
	96 64
	96 95
	98 20
	97 19

ITERACION: 14
	INTERCAMBIO: (94, 93)
	RECORRIDO: 98 7 55 87 88 99 61 92 49 32 57 19 48 85 56 93 82 75 17 94 71 33 38 80 66 81 76 13 72 31 15 77 8 96 84 20 9 50 70 44 83 29 51 86 12 89 16 64 27 39 65 5 90 41 60 14 91 78 11 4 24 30 95 54 42 74 18 47 25 58 10 52 62 26 36 46 67 34 69 68 23 43 97 21 2 73 40 45 63 28 1 37 59 3 53 35 6 79 22 
	COSTE (km): 4344
	ITERACIONES SIN MEJORA: 0
	LISTA TABU:
	98 56
	98 15
	17 16
	56 42
	74 72
	59 15
	45 43
	69 68
	90 88
	96 64
	96 95
	98 20
	97 19
	94 93

ITERACION: 15
	INTERCAMBIO: (93, 31)
	RECORRIDO: 98 7 55 87 88 99 61 92 49 32 57 19 48 85 56 93 82 75 17 94 71 33 38 80 66 81 76 13 72 31 15 3 8 96 84 20 9 50 70 44 83 29 51 86 12 89 16 64 27 39 65 5 90 41 60 14 91 78 11 4 24 30 95 54 42 74 18 47 25 58 10 52 62 26 36 46 67 34 69 68 23 43 97 21 2 73 40 45 63 28 1 37 59 77 53 35 6 79 22 
	COSTE (km): 4073
	ITERACIONES SIN MEJORA: 0
	LISTA TABU:
	98 56
	98 15
	17 16
	56 42
	74 72
	59 15
	45 43
	69 68
	90 88
	96 64
	96 95
	98 20
	97 19
	94 93
	93 31

ITERACION: 16
	INTERCAMBIO: (93, 44)
	RECORRIDO: 98 7 55 87 88 99 61 92 49 32 57 19 48 85 56 93 82 75 17 94 71 33 38 80 66 81 76 13 72 31 15 3 8 96 84 20 9 50 70 44 83 29 51 86 77 89 16 64 27 39 65 5 90 41 60 14 91 78 11 4 24 30 95 54 42 74 18 47 25 58 10 52 62 26 36 46 67 34 69 68 23 43 97 21 2 73 40 45 63 28 1 37 59 12 53 35 6 79 22 
	COSTE (km): 3959
	ITERACIONES SIN MEJORA: 0
	LISTA TABU:
	98 56
	98 15
	17 16
	56 42
	74 72
	59 15
	45 43
	69 68
	90 88
	96 64
	96 95
	98 20
	97 19
	94 93
	93 31
	93 44

ITERACION: 17
	INTERCAMBIO: (85, 84)
	RECORRIDO: 98 7 55 87 88 99 61 92 49 32 57 19 48 85 56 93 82 75 17 94 71 33 38 80 66 81 76 13 72 31 15 3 8 96 84 20 9 50 70 44 83 29 51 86 77 89 16 64 27 39 65 5 90 41 60 14 91 78 11 4 24 30 95 54 42 74 18 47 25 58 10 52 62 26 36 46 67 34 69 68 23 43 97 21 73 2 40 45 63 28 1 37 59 12 53 35 6 79 22 
	COSTE (km): 4007
	ITERACIONES SIN MEJORA: 1
	LISTA TABU:
	98 56
	98 15
	17 16
	56 42
	74 72
	59 15
	45 43
	69 68
	90 88
	96 64
	96 95
	98 20
	97 19
	94 93
	93 31
	93 44
	85 84

ITERACION: 18
	INTERCAMBIO: (97, 39)
	RECORRIDO: 98 7 55 87 88 99 61 92 49 32 57 19 48 85 56 93 82 75 17 94 71 33 38 80 66 81 76 13 72 31 15 3 8 96 84 20 9 50 70 79 83 29 51 86 77 89 16 64 27 39 65 5 90 41 60 14 91 78 11 4 24 30 95 54 42 74 18 47 25 58 10 52 62 26 36 46 67 34 69 68 23 43 97 21 73 2 40 45 63 28 1 37 59 12 53 35 6 44 22 
	COSTE (km): 4097
	ITERACIONES SIN MEJORA: 2
	LISTA TABU:
	98 56
	98 15
	17 16
	56 42
	74 72
	59 15
	45 43
	69 68
	90 88
	96 64
	96 95
	98 20
	97 19
	94 93
	93 31
	93 44
	85 84
	97 39

ITERACION: 19
	INTERCAMBIO: (81, 79)
	RECORRIDO: 98 7 55 87 88 99 61 92 49 32 57 19 48 85 56 93 82 75 17 94 71 33 38 80 66 81 76 13 72 31 15 3 8 96 84 20 9 50 70 79 83 29 51 86 77 89 16 64 27 39 65 5 90 41 60 14 91 78 11 4 24 30 95 54 42 74 18 47 25 58 10 52 62 26 36 46 67 34 69 43 23 68 97 21 73 2 40 45 63 28 1 37 59 12 53 35 6 44 22 
	COSTE (km): 4189
	ITERACIONES SIN MEJORA: 3
	LISTA TABU:
	98 56
	98 15
	17 16
	56 42
	74 72
	59 15
	45 43
	69 68
	90 88
	96 64
	96 95
	98 20
	97 19
	94 93
	93 31
	93 44
	85 84
	97 39
	81 79

ITERACION: 20
	INTERCAMBIO: (78, 34)
	RECORRIDO: 98 7 55 87 88 99 61 92 49 32 57 19 48 85 56 93 82 75 17 94 71 33 38 80 66 81 76 13 72 31 15 3 8 96 69 20 9 50 70 79 83 29 51 86 77 89 16 64 27 39 65 5 90 41 60 14 91 78 11 4 24 30 95 54 42 74 18 47 25 58 10 52 62 26 36 46 67 34 84 43 23 68 97 21 73 2 40 45 63 28 1 37 59 12 53 35 6 44 22 
	COSTE (km): 4176
	ITERACIONES SIN MEJORA: 4
	LISTA TABU:
	98 56
	98 15
	17 16
	56 42
	74 72
	59 15
	45 43
	69 68
	90 88
	96 64
	96 95
	98 20
	97 19
	94 93
	93 31
	93 44
	85 84
	97 39
	81 79
	78 34

***************
REINICIO: 2
***************

ITERACION: 21
	INTERCAMBIO: (98, 14)
	RECORRIDO: 98 44 83 29 2 65 31 72 45 63 28 85 56 70 94 71 96 48 15 77 8 33 95 54 16 73 22 82 17 68 23 89 12 86 38 80 32 7 41 55 87 97 61 99 5 62 26 36 10 58 25 47 18 74 42 37 46 14 60 6 35 24 57 19 51 30 53 3 49 9 20 84 92 34 50 52 88 64 27 39 76 13 93 90 69 1 67 81 21 91 78 4 11 43 75 40 59 66 79 
	COSTE (km): 4004
	ITERACIONES SIN MEJORA: 1
	LISTA TABU:
	98 56
	98 15
	17 16
	56 42
	74 72
	59 15
	45 43
	69 68
	90 88
	96 64
	96 95
	98 20
	97 19
	94 93
	93 31
	93 44
	85 84
	97 39
	81 79
	78 34
	98 14

ITERACION: 22
	INTERCAMBIO: (25, 24)
	RECORRIDO: 98 44 83 29 2 65 31 72 45 63 28 85 56 70 94 71 96 48 15 77 8 33 95 54 73 16 22 82 17 68 23 89 12 86 38 80 32 7 41 55 87 97 61 99 5 62 26 36 10 58 25 47 18 74 42 37 46 14 60 6 35 24 57 19 51 30 53 3 49 9 20 84 92 34 50 52 88 64 27 39 76 13 93 90 69 1 67 81 21 91 78 4 11 43 75 40 59 66 79 
	COSTE (km): 4011
	ITERACIONES SIN MEJORA: 2
	LISTA TABU:
	98 56
	98 15
	17 16
	56 42
	74 72
	59 15
	45 43
	69 68
	90 88
	96 64
	96 95
	98 20
	97 19
	94 93
	93 31
	93 44
	85 84
	97 39
	81 79
	78 34
	98 14
	25 24

ITERACION: 23
	INTERCAMBIO: (38, 37)
	RECORRIDO: 98 44 83 29 2 65 31 72 45 63 28 85 56 70 94 71 96 48 15 77 8 33 95 54 73 16 22 82 17 68 23 89 12 86 38 80 32 41 7 55 87 97 61 99 5 62 26 36 10 58 25 47 18 74 42 37 46 14 60 6 35 24 57 19 51 30 53 3 49 9 20 84 92 34 50 52 88 64 27 39 76 13 93 90 69 1 67 81 21 91 78 4 11 43 75 40 59 66 79 
	COSTE (km): 4051
	ITERACIONES SIN MEJORA: 3
	LISTA TABU:
	98 56
	98 15
	17 16
	56 42
	74 72
	59 15
	45 43
	69 68
	90 88
	96 64
	96 95
	98 20
	97 19
	94 93
	93 31
	93 44
	85 84
	97 39
	81 79
	78 34
	98 14
	25 24
	38 37

ITERACION: 24
	INTERCAMBIO: (89, 18)
	RECORRIDO: 98 44 83 29 2 65 31 72 45 63 28 85 56 70 94 71 96 48 91 77 8 33 95 54 73 16 22 82 17 68 23 89 12 86 38 80 32 41 7 55 87 97 61 99 5 62 26 36 10 58 25 47 18 74 42 37 46 14 60 6 35 24 57 19 51 30 53 3 49 9 20 84 92 34 50 52 88 64 27 39 76 13 93 90 69 1 67 81 21 15 78 4 11 43 75 40 59 66 79 
	COSTE (km): 4147
	ITERACIONES SIN MEJORA: 4
	LISTA TABU:
	98 56
	98 15
	17 16
	56 42
	74 72
	59 15
	45 43
	69 68
	90 88
	96 64
	96 95
	98 20
	97 19
	94 93
	93 31
	93 44
	85 84
	97 39
	81 79
	78 34
	98 14
	25 24
	38 37
	89 18

ITERACION: 25
	INTERCAMBIO: (72, 71)
	RECORRIDO: 98 44 83 29 2 65 31 72 45 63 28 85 56 70 94 71 96 48 91 77 8 33 95 54 73 16 22 82 17 68 23 89 12 86 38 80 32 41 7 55 87 97 61 99 5 62 26 36 10 58 25 47 18 74 42 37 46 14 60 6 35 24 57 19 51 30 53 3 49 9 20 92 84 34 50 52 88 64 27 39 76 13 93 90 69 1 67 81 21 15 78 4 11 43 75 40 59 66 79 
	COSTE (km): 4238
	ITERACIONES SIN MEJORA: 5
	LISTA TABU:
	98 56
	98 15
	17 16
	56 42
	74 72
	59 15
	45 43
	69 68
	90 88
	96 64
	96 95
	98 20
	97 19
	94 93
	93 31
	93 44
	85 84
	97 39
	81 79
	78 34
	98 14
	25 24
	38 37
	89 18
	72 71

ITERACION: 26
	INTERCAMBIO: (72, 15)
	RECORRIDO: 98 44 83 29 2 65 31 72 45 63 28 85 56 70 94 84 96 48 91 77 8 33 95 54 73 16 22 82 17 68 23 89 12 86 38 80 32 41 7 55 87 97 61 99 5 62 26 36 10 58 25 47 18 74 42 37 46 14 60 6 35 24 57 19 51 30 53 3 49 9 20 92 71 34 50 52 88 64 27 39 76 13 93 90 69 1 67 81 21 15 78 4 11 43 75 40 59 66 79 
	COSTE (km): 4283
	ITERACIONES SIN MEJORA: 6
	LISTA TABU:
	98 56
	98 15
	17 16
	56 42
	74 72
	59 15
	45 43
	69 68
	90 88
	96 64
	96 95
	98 20
	97 19
	94 93
	93 31
	93 44
	85 84
	97 39
	81 79
	78 34
	98 14
	25 24
	38 37
	89 18
	72 71
	72 15

ITERACION: 27
	INTERCAMBIO: (98, 96)
	RECORRIDO: 98 44 83 29 2 65 31 72 45 63 28 85 56 70 94 84 96 48 91 77 8 33 95 54 73 16 22 82 17 68 23 89 12 86 38 80 32 41 7 55 87 97 61 99 5 62 26 36 10 58 25 47 18 74 42 37 46 14 60 6 35 24 57 19 51 30 53 3 49 9 20 92 71 34 50 52 88 64 27 39 76 13 93 90 69 1 67 81 21 15 78 4 11 43 75 40 79 66 59 
	COSTE (km): 4402
	ITERACIONES SIN MEJORA: 7
	LISTA TABU:
	98 56
	98 15
	17 16
	56 42
	74 72
	59 15
	45 43
	69 68
	90 88
	96 64
	96 95
	98 20
	97 19
	94 93
	93 31
	93 44
	85 84
	97 39
	81 79
	78 34
	98 14
	25 24
	38 37
	89 18
	72 71
	72 15
	98 96

ITERACION: 28
	INTERCAMBIO: (95, 93)
	RECORRIDO: 98 44 83 29 2 65 31 72 45 63 28 85 56 70 94 84 96 48 91 77 8 33 95 54 73 16 22 82 17 68 23 89 12 86 38 80 32 41 7 55 87 97 61 99 5 62 26 36 10 58 25 47 18 74 42 37 46 14 60 6 35 24 57 19 51 30 53 3 49 9 20 92 71 34 50 52 88 64 27 39 76 13 93 90 69 1 67 81 21 15 78 4 11 40 75 43 79 66 59 
	COSTE (km): 4493
	ITERACIONES SIN MEJORA: 8
	LISTA TABU:
	98 56
	98 15
	17 16
	56 42
	74 72
	59 15
	45 43
	69 68
	90 88
	96 64
	96 95
	98 20
	97 19
	94 93
	93 31
	93 44
	85 84
	97 39
	81 79
	78 34
	98 14
	25 24
	38 37
	89 18
	72 71
	72 15
	98 96
	95 93

ITERACION: 29
	INTERCAMBIO: (95, 3)
	RECORRIDO: 98 44 83 43 2 65 31 72 45 63 28 85 56 70 94 84 96 48 91 77 8 33 95 54 73 16 22 82 17 68 23 89 12 86 38 80 32 41 7 55 87 97 61 99 5 62 26 36 10 58 25 47 18 74 42 37 46 14 60 6 35 24 57 19 51 30 53 3 49 9 20 92 71 34 50 52 88 64 27 39 76 13 93 90 69 1 67 81 21 15 78 4 11 40 75 29 79 66 59 
	COSTE (km): 4621
	ITERACIONES SIN MEJORA: 9
	LISTA TABU:
	98 56
	98 15
	17 16
	56 42
	74 72
	59 15
	45 43
	69 68
	90 88
	96 64
	96 95
	98 20
	97 19
	94 93
	93 31
	93 44
	85 84
	97 39
	81 79
	78 34
	98 14
	25 24
	38 37
	89 18
	72 71
	72 15
	98 96
	95 93
	95 3

ITERACION: 30
	INTERCAMBIO: (6, 4)
	RECORRIDO: 98 44 83 43 31 65 2 72 45 63 28 85 56 70 94 84 96 48 91 77 8 33 95 54 73 16 22 82 17 68 23 89 12 86 38 80 32 41 7 55 87 97 61 99 5 62 26 36 10 58 25 47 18 74 42 37 46 14 60 6 35 24 57 19 51 30 53 3 49 9 20 92 71 34 50 52 88 64 27 39 76 13 93 90 69 1 67 81 21 15 78 4 11 40 75 29 79 66 59 
	COSTE (km): 4727
	ITERACIONES SIN MEJORA: 10
	LISTA TABU:
	98 56
	98 15
	17 16
	56 42
	74 72
	59 15
	45 43
	69 68
	90 88
	96 64
	96 95
	98 20
	97 19
	94 93
	93 31
	93 44
	85 84
	97 39
	81 79
	78 34
	98 14
	25 24
	38 37
	89 18
	72 71
	72 15
	98 96
	95 93
	95 3
	6 4

***************
REINICIO: 3
***************

ITERACION: 31
	INTERCAMBIO: (98, 51)
	RECORRIDO: 98 44 83 29 2 65 31 72 45 63 28 85 56 70 79 71 96 48 15 77 6 60 41 7 32 49 19 57 12 86 38 80 88 87 97 61 99 5 62 26 36 16 73 54 42 74 18 40 20 9 82 94 68 23 89 39 27 64 59 58 10 52 33 95 30 51 67 37 46 14 91 78 81 76 13 93 90 69 34 84 92 25 47 4 24 35 11 43 75 21 3 53 1 55 22 50 8 66 17 
	COSTE (km): 5391
	ITERACIONES SIN MEJORA: 1
	LISTA TABU:
	98 56
	98 15
	17 16
	56 42
	74 72
	59 15
	45 43
	69 68
	90 88
	96 64
	96 95
	98 20
	97 19
	94 93
	93 31
	93 44
	85 84
	97 39
	81 79
	78 34
	98 14
	25 24
	38 37
	89 18
	72 71
	72 15
	98 96
	95 93
	95 3
	6 4
	98 51

ITERACION: 32
	INTERCAMBIO: (96, 78)
	RECORRIDO: 98 44 83 29 2 65 31 72 45 63 28 85 56 70 79 71 96 48 15 77 6 60 41 7 32 49 19 57 12 86 38 80 88 87 97 61 99 5 62 26 36 16 73 54 42 74 18 40 20 9 82 94 68 23 89 39 27 64 59 58 10 52 33 95 30 51 67 37 46 14 91 78 81 76 13 93 90 69 8 84 92 25 47 4 24 35 11 43 75 21 3 53 1 55 22 50 34 66 17 
	COSTE (km): 4735
	ITERACIONES SIN MEJORA: 2
	LISTA TABU:
	98 56
	98 15
	17 16
	56 42
	74 72
	59 15
	45 43
	69 68
	90 88
	96 64
	96 95
	98 20
	97 19
	94 93
	93 31
	93 44
	85 84
	97 39
	81 79
	78 34
	98 14
	25 24
	38 37
	89 18
	72 71
	72 15
	98 96
	95 93
	95 3
	6 4
	98 51
	96 78

ITERACION: 33
	INTERCAMBIO: (95, 76)
	RECORRIDO: 98 44 83 29 2 65 31 72 45 63 28 85 56 70 79 71 96 48 15 77 6 60 41 7 32 49 19 57 12 86 38 80 88 87 97 61 99 5 62 26 36 16 73 54 42 74 18 40 20 9 82 94 68 23 89 39 27 64 59 58 10 52 33 95 30 51 67 37 46 14 91 78 81 76 13 93 50 69 8 84 92 25 47 4 24 35 11 43 75 21 3 53 1 55 22 90 34 66 17 
	COSTE (km): 4721
	ITERACIONES SIN MEJORA: 3
	LISTA TABU:
	98 56
	98 15
	17 16
	56 42
	74 72
	59 15
	45 43
	69 68
	90 88
	96 64
	96 95
	98 20
	97 19
	94 93
	93 31
	93 44
	85 84
	97 39
	81 79
	78 34
	98 14
	25 24
	38 37
	89 18
	72 71
	72 15
	98 96
	95 93
	95 3
	6 4
	98 51
	96 78
	95 76

ITERACION: 34
	INTERCAMBIO: (96, 72)
	RECORRIDO: 98 44 83 29 2 65 31 72 45 63 28 85 56 70 79 71 96 48 15 77 6 60 41 7 32 49 19 57 12 86 38 80 88 87 97 61 99 5 62 26 36 16 73 54 42 74 18 40 20 9 82 94 68 23 89 39 27 64 59 58 10 52 33 95 30 51 67 37 46 14 91 78 34 76 13 93 50 69 8 84 92 25 47 4 24 35 11 43 75 21 3 53 1 55 22 90 81 66 17 
	COSTE (km): 4605
	ITERACIONES SIN MEJORA: 4
	LISTA TABU:
	98 56
	98 15
	17 16
	56 42
	74 72
	59 15
	45 43
	69 68
	90 88
	96 64
	96 95
	98 20
	97 19
	94 93
	93 31
	93 44
	85 84
	97 39
	81 79
	78 34
	98 14
	25 24
	38 37
	89 18
	72 71
	72 15
	98 96
	95 93
	95 3
	6 4
	98 51
	96 78
	95 76
	96 72

ITERACION: 35
	INTERCAMBIO: (98, 50)
	RECORRIDO: 98 44 83 29 2 65 31 72 45 63 28 85 56 70 79 71 96 48 15 77 6 60 41 7 32 49 19 57 12 86 38 80 88 87 97 61 99 5 62 26 36 16 73 54 42 74 18 40 20 9 17 94 68 23 89 39 27 64 59 58 10 52 33 95 30 51 67 37 46 14 91 78 34 76 13 93 50 69 8 84 92 25 47 4 24 35 11 43 75 21 3 53 1 55 22 90 81 66 82 
	COSTE (km): 4638
	ITERACIONES SIN MEJORA: 5
	LISTA TABU:
	98 56
	98 15
	17 16
	56 42
	74 72
	59 15
	45 43
	69 68
	90 88
	96 64
	96 95
	98 20
	97 19
	94 93
	93 31
	93 44
	85 84
	97 39
	81 79
	78 34
	98 14
	25 24
	38 37
	89 18
	72 71
	72 15
	98 96
	95 93
	95 3
	6 4
	98 51
	96 78
	95 76
	96 72
	98 50

ITERACION: 36
	INTERCAMBIO: (85, 83)
	RECORRIDO: 98 44 83 29 2 65 31 72 45 63 28 85 56 70 79 71 96 48 15 77 6 60 41 7 32 49 19 57 12 86 38 80 88 87 97 61 99 5 62 26 36 16 73 54 42 74 18 40 20 9 17 94 68 23 89 39 27 64 59 58 10 52 33 95 30 51 67 37 46 14 91 78 34 76 13 93 50 69 8 84 92 25 47 35 24 4 11 43 75 21 3 53 1 55 22 90 81 66 82 
	COSTE (km): 4700
	ITERACIONES SIN MEJORA: 6
	LISTA TABU:
	98 56
	98 15
	17 16
	56 42
	74 72
	59 15
	45 43
	69 68
	90 88
	96 64
	96 95
	98 20
	97 19
	94 93
	93 31
	93 44
	85 84
	97 39
	81 79
	78 34
	98 14
	25 24
	38 37
	89 18
	72 71
	72 15
	98 96
	95 93
	95 3
	6 4
	98 51
	96 78
	95 76
	96 72
	98 50
	85 83

ITERACION: 37
	INTERCAMBIO: (28, 26)
	RECORRIDO: 98 44 83 29 2 65 31 72 45 63 28 85 56 70 79 71 96 48 15 77 6 60 41 7 32 49 12 57 19 86 38 80 88 87 97 61 99 5 62 26 36 16 73 54 42 74 18 40 20 9 17 94 68 23 89 39 27 64 59 58 10 52 33 95 30 51 67 37 46 14 91 78 34 76 13 93 50 69 8 84 92 25 47 35 24 4 11 43 75 21 3 53 1 55 22 90 81 66 82 
	COSTE (km): 4773
	ITERACIONES SIN MEJORA: 7
	LISTA TABU:
	98 56
	98 15
	17 16
	56 42
	74 72
	59 15
	45 43
	69 68
	90 88
	96 64
	96 95
	98 20
	97 19
	94 93
	93 31
	93 44
	85 84
	97 39
	81 79
	78 34
	98 14
	25 24
	38 37
	89 18
	72 71
	72 15
	98 96
	95 93
	95 3
	6 4
	98 51
	96 78
	95 76
	96 72
	98 50
	85 83
	28 26

ITERACION: 38
	INTERCAMBIO: (27, 25)
	RECORRIDO: 98 44 83 29 2 65 31 72 45 63 28 85 56 70 79 71 96 48 15 77 6 60 41 7 32 57 12 49 19 86 38 80 88 87 97 61 99 5 62 26 36 16 73 54 42 74 18 40 20 9 17 94 68 23 89 39 27 64 59 58 10 52 33 95 30 51 67 37 46 14 91 78 34 76 13 93 50 69 8 84 92 25 47 35 24 4 11 43 75 21 3 53 1 55 22 90 81 66 82 
	COSTE (km): 4815
	ITERACIONES SIN MEJORA: 8
	LISTA TABU:
	98 56
	98 15
	17 16
	56 42
	74 72
	59 15
	45 43
	69 68
	90 88
	96 64
	96 95
	98 20
	97 19
	94 93
	93 31
	93 44
	85 84
	97 39
	81 79
	78 34
	98 14
	25 24
	38 37
	89 18
	72 71
	72 15
	98 96
	95 93
	95 3
	6 4
	98 51
	96 78
	95 76
	96 72
	98 50
	85 83
	28 26
	27 25

ITERACION: 39
	INTERCAMBIO: (90, 26)
	RECORRIDO: 98 44 83 29 2 65 31 72 45 63 28 85 56 70 79 71 96 48 15 77 6 60 41 7 32 57 3 49 19 86 38 80 88 87 97 61 99 5 62 26 36 16 73 54 42 74 18 40 20 9 17 94 68 23 89 39 27 64 59 58 10 52 33 95 30 51 67 37 46 14 91 78 34 76 13 93 50 69 8 84 92 25 47 35 24 4 11 43 75 21 12 53 1 55 22 90 81 66 82 
	COSTE (km): 4897
	ITERACIONES SIN MEJORA: 9
	LISTA TABU:
	98 56
	98 15
	17 16
	56 42
	74 72
	59 15
	45 43
	69 68
	90 88
	96 64
	96 95
	98 20
	97 19
	94 93
	93 31
	93 44
	85 84
	97 39
	81 79
	78 34
	98 14
	25 24
	38 37
	89 18
	72 71
	72 15
	98 96
	95 93
	95 3
	6 4
	98 51
	96 78
	95 76
	96 72
	98 50
	85 83
	28 26
	27 25
	90 26

ITERACION: 40
	INTERCAMBIO: (96, 37)
	RECORRIDO: 98 44 83 29 2 65 31 72 45 63 28 85 56 70 79 71 96 48 15 77 6 60 41 7 32 57 3 49 19 86 38 80 88 87 97 61 99 81 62 26 36 16 73 54 42 74 18 40 20 9 17 94 68 23 89 39 27 64 59 58 10 52 33 95 30 51 67 37 46 14 91 78 34 76 13 93 50 69 8 84 92 25 47 35 24 4 11 43 75 21 12 53 1 55 22 90 5 66 82 
	COSTE (km): 4973
	ITERACIONES SIN MEJORA: 10
	LISTA TABU:
	98 56
	98 15
	17 16
	56 42
	74 72
	59 15
	45 43
	69 68
	90 88
	96 64
	96 95
	98 20
	97 19
	94 93
	93 31
	93 44
	85 84
	97 39
	81 79
	78 34
	98 14
	25 24
	38 37
	89 18
	72 71
	72 15
	98 96
	95 93
	95 3
	6 4
	98 51
	96 78
	95 76
	96 72
	98 50
	85 83
	28 26
	27 25
	90 26
	96 37

***************
REINICIO: 4
***************

ITERACION: 41
	INTERCAMBIO: (96, 39)
	RECORRIDO: 98 44 83 29 2 65 31 72 45 63 28 85 56 70 79 71 96 48 15 77 6 60 41 7 32 49 19 57 12 86 38 39 27 64 16 73 26 36 10 76 25 47 18 74 42 54 95 33 22 82 17 68 23 89 91 14 46 37 67 34 84 20 9 50 52 88 87 97 61 99 5 62 90 80 66 81 21 3 53 30 51 40 75 43 13 93 94 78 4 24 35 11 1 55 69 8 58 59 92 
	COSTE (km): 5065
	ITERACIONES SIN MEJORA: 1
	LISTA TABU:
	98 56
	98 15
	17 16
	56 42
	74 72
	59 15
	45 43
	69 68
	90 88
	96 64
	96 95
	98 20
	97 19
	94 93
	93 31
	93 44
	85 84
	97 39
	81 79
	78 34
	98 14
	25 24
	38 37
	89 18
	72 71
	72 15
	98 96
	95 93
	95 3
	6 4
	98 51
	96 78
	95 76
	96 72
	98 50
	85 83
	28 26
	27 25
	90 26
	96 37
	96 39

ITERACION: 42
	INTERCAMBIO: (98, 85)
	RECORRIDO: 98 44 83 29 2 65 31 72 45 63 28 85 56 70 79 71 96 48 15 77 6 60 41 7 32 49 19 57 12 86 38 39 27 64 16 73 26 36 10 76 25 47 18 74 42 54 95 33 22 82 17 68 23 89 91 14 46 37 67 34 84 20 9 50 52 88 87 97 61 99 5 62 90 80 66 81 21 3 53 30 51 40 75 43 13 92 94 78 4 24 35 11 1 55 69 8 58 59 93 
	COSTE (km): 4242
	ITERACIONES SIN MEJORA: 2
	LISTA TABU:
	98 56
	98 15
	17 16
	56 42
	74 72
	59 15
	45 43
	69 68
	90 88
	96 64
	96 95
	98 20
	97 19
	94 93
	93 31
	93 44
	85 84
	97 39
	81 79
	78 34
	98 14
	25 24
	38 37
	89 18
	72 71
	72 15
	98 96
	95 93
	95 3
	6 4
	98 51
	96 78
	95 76
	96 72
	98 50
	85 83
	28 26
	27 25
	90 26
	96 37
	96 39
	98 85

ITERACION: 43
	INTERCAMBIO: (93, 92)
	RECORRIDO: 98 44 83 29 2 65 31 72 45 63 28 85 56 70 79 71 96 48 15 77 6 60 41 7 32 49 19 57 12 86 38 39 27 64 16 73 26 36 10 76 25 47 18 74 42 54 95 33 22 82 17 68 23 89 91 14 46 37 67 34 84 20 9 50 52 88 87 97 61 99 5 62 90 80 66 81 21 3 53 30 51 40 75 43 13 92 94 78 4 24 35 11 55 1 69 8 58 59 93 
	COSTE (km): 4245
	ITERACIONES SIN MEJORA: 3
	LISTA TABU:
	98 56
	98 15
	17 16
	56 42
	74 72
	59 15
	45 43
	69 68
	90 88
	96 64
	96 95
	98 20
	97 19
	94 93
	93 31
	93 44
	85 84
	97 39
	81 79
	78 34
	98 14
	25 24
	38 37
	89 18
	72 71
	72 15
	98 96
	95 93
	95 3
	6 4
	98 51
	96 78
	95 76
	96 72
	98 50
	85 83
	28 26
	27 25
	90 26
	96 37
	96 39
	98 85
	93 92

ITERACION: 44
	INTERCAMBIO: (37, 35)
	RECORRIDO: 98 44 83 29 2 65 31 72 45 63 28 85 56 70 79 71 96 48 15 77 6 60 41 7 32 49 19 57 12 86 38 39 27 64 16 36 26 73 10 76 25 47 18 74 42 54 95 33 22 82 17 68 23 89 91 14 46 37 67 34 84 20 9 50 52 88 87 97 61 99 5 62 90 80 66 81 21 3 53 30 51 40 75 43 13 92 94 78 4 24 35 11 55 1 69 8 58 59 93 
	COSTE (km): 4296
	ITERACIONES SIN MEJORA: 4
	LISTA TABU:
	98 56
	98 15
	17 16
	56 42
	74 72
	59 15
	45 43
	69 68
	90 88
	96 64
	96 95
	98 20
	97 19
	94 93
	93 31
	93 44
	85 84
	97 39
	81 79
	78 34
	98 14
	25 24
	38 37
	89 18
	72 71
	72 15
	98 96
	95 93
	95 3
	6 4
	98 51
	96 78
	95 76
	96 72
	98 50
	85 83
	28 26
	27 25
	90 26
	96 37
	96 39
	98 85
	93 92
	37 35

ITERACION: 45
	INTERCAMBIO: (91, 16)
	RECORRIDO: 98 44 83 29 2 65 31 72 45 63 28 85 56 70 79 71 11 48 15 77 6 60 41 7 32 49 19 57 12 86 38 39 27 64 16 36 26 73 10 76 25 47 18 74 42 54 95 33 22 82 17 68 23 89 91 14 46 37 67 34 84 20 9 50 52 88 87 97 61 99 5 62 90 80 66 81 21 3 53 30 51 40 75 43 13 92 94 78 4 24 35 96 55 1 69 8 58 59 93 
	COSTE (km): 4360
	ITERACIONES SIN MEJORA: 5
	LISTA TABU:
	98 56
	98 15
	17 16
	56 42
	74 72
	59 15
	45 43
	69 68
	90 88
	96 64
	96 95
	98 20
	97 19
	94 93
	93 31
	93 44
	85 84
	97 39
	81 79
	78 34
	98 14
	25 24
	38 37
	89 18
	72 71
	72 15
	98 96
	95 93
	95 3
	6 4
	98 51
	96 78
	95 76
	96 72
	98 50
	85 83
	28 26
	27 25
	90 26
	96 37
	96 39
	98 85
	93 92
	37 35
	91 16

ITERACION: 46
	INTERCAMBIO: (93, 91)
	RECORRIDO: 98 44 83 29 2 65 31 72 45 63 28 85 56 70 79 71 11 48 15 77 6 60 41 7 32 49 19 57 12 86 38 39 27 64 16 36 26 73 10 76 25 47 18 74 42 54 95 33 22 82 17 68 23 89 91 14 46 37 67 34 84 20 9 50 52 88 87 97 61 99 5 62 90 80 66 81 21 3 53 30 51 40 75 43 13 92 94 78 4 24 35 1 55 96 69 8 58 59 93 
	COSTE (km): 4408
	ITERACIONES SIN MEJORA: 6
	LISTA TABU:
	98 56
	98 15
	17 16
	56 42
	74 72
	59 15
	45 43
	69 68
	90 88
	96 64
	96 95
	98 20
	97 19
	94 93
	93 31
	93 44
	85 84
	97 39
	81 79
	78 34
	98 14
	25 24
	38 37
	89 18
	72 71
	72 15
	98 96
	95 93
	95 3
	6 4
	98 51
	96 78
	95 76
	96 72
	98 50
	85 83
	28 26
	27 25
	90 26
	96 37
	96 39
	98 85
	93 92
	37 35
	91 16
	93 91

ITERACION: 47
	INTERCAMBIO: (95, 94)
	RECORRIDO: 98 44 83 29 2 65 31 72 45 63 28 85 56 70 79 71 11 48 15 77 6 60 41 7 32 49 19 57 12 86 38 39 27 64 16 36 26 73 10 76 25 47 18 74 42 54 95 33 22 82 17 68 23 89 91 14 46 37 67 34 84 20 9 50 52 88 87 97 61 99 5 62 90 80 66 81 21 3 53 30 51 40 75 43 13 92 94 78 4 24 35 1 55 96 8 69 58 59 93 
	COSTE (km): 4123
	ITERACIONES SIN MEJORA: 7
	LISTA TABU:
	98 56
	98 15
	17 16
	56 42
	74 72
	59 15
	45 43
	69 68
	90 88
	96 64
	96 95
	98 20
	97 19
	94 93
	93 31
	93 44
	85 84
	97 39
	81 79
	78 34
	98 14
	25 24
	38 37
	89 18
	72 71
	72 15
	98 96
	95 93
	95 3
	6 4
	98 51
	96 78
	95 76
	96 72
	98 50
	85 83
	28 26
	27 25
	90 26
	96 37
	96 39
	98 85
	93 92
	37 35
	91 16
	93 91
	95 94

ITERACION: 48
	INTERCAMBIO: (85, 14)
	RECORRIDO: 98 44 83 29 2 65 31 72 45 63 28 85 56 70 92 71 11 48 15 77 6 60 41 7 32 49 19 57 12 86 38 39 27 64 16 36 26 73 10 76 25 47 18 74 42 54 95 33 22 82 17 68 23 89 91 14 46 37 67 34 84 20 9 50 52 88 87 97 61 99 5 62 90 80 66 81 21 3 53 30 51 40 75 43 13 79 94 78 4 24 35 1 55 96 8 69 58 59 93 
	COSTE (km): 4202
	ITERACIONES SIN MEJORA: 8
	LISTA TABU:
	98 56
	98 15
	17 16
	56 42
	74 72
	59 15
	45 43
	69 68
	90 88
	96 64
	96 95
	98 20
	97 19
	94 93
	93 31
	93 44
	85 84
	97 39
	81 79
	78 34
	98 14
	25 24
	38 37
	89 18
	72 71
	72 15
	98 96
	95 93
	95 3
	6 4
	98 51
	96 78
	95 76
	96 72
	98 50
	85 83
	28 26
	27 25
	90 26
	96 37
	96 39
	98 85
	93 92
	37 35
	91 16
	93 91
	95 94
	85 14

ITERACION: 49
	INTERCAMBIO: (84, 6)
	RECORRIDO: 98 44 83 29 2 65 13 72 45 63 28 85 56 70 92 71 11 48 15 77 6 60 41 7 32 49 19 57 12 86 38 39 27 64 16 36 26 73 10 76 25 47 18 74 42 54 95 33 22 82 17 68 23 89 91 14 46 37 67 34 84 20 9 50 52 88 87 97 61 99 5 62 90 80 66 81 21 3 53 30 51 40 75 43 31 79 94 78 4 24 35 1 55 96 8 69 58 59 93 
	COSTE (km): 4175
	ITERACIONES SIN MEJORA: 9
	LISTA TABU:
	98 56
	98 15
	17 16
	56 42
	74 72
	59 15
	45 43
	69 68
	90 88
	96 64
	96 95
	98 20
	97 19
	94 93
	93 31
	93 44
	85 84
	97 39
	81 79
	78 34
	98 14
	25 24
	38 37
	89 18
	72 71
	72 15
	98 96
	95 93
	95 3
	6 4
	98 51
	96 78
	95 76
	96 72
	98 50
	85 83
	28 26
	27 25
	90 26
	96 37
	96 39
	98 85
	93 92
	37 35
	91 16
	93 91
	95 94
	85 14
	84 6

ITERACION: 50
	INTERCAMBIO: (85, 49)
	RECORRIDO: 98 44 83 29 2 65 13 72 45 63 28 85 56 70 92 71 11 48 15 77 6 60 41 7 32 49 19 57 12 86 38 39 27 64 16 36 26 73 10 76 25 47 18 74 42 54 95 33 22 79 17 68 23 89 91 14 46 37 67 34 84 20 9 50 52 88 87 97 61 99 5 62 90 80 66 81 21 3 53 30 51 40 75 43 31 82 94 78 4 24 35 1 55 96 8 69 58 59 93 
	COSTE (km): 4342
	ITERACIONES SIN MEJORA: 10
	LISTA TABU:
	98 56
	98 15
	17 16
	56 42
	74 72
	59 15
	45 43
	69 68
	90 88
	96 64
	96 95
	98 20
	97 19
	94 93
	93 31
	93 44
	85 84
	97 39
	81 79
	78 34
	98 14
	25 24
	38 37
	89 18
	72 71
	72 15
	98 96
	95 93
	95 3
	6 4
	98 51
	96 78
	95 76
	96 72
	98 50
	85 83
	28 26
	27 25
	90 26
	96 37
	96 39
	98 85
	93 92
	37 35
	91 16
	93 91
	95 94
	85 14
	84 6
	85 49

***************
REINICIO: 5
***************

ITERACION: 51
	INTERCAMBIO: (97, 40)
	RECORRIDO: 98 44 83 29 2 65 31 72 45 63 28 85 56 70 79 71 96 48 15 77 6 60 41 7 32 49 19 57 12 86 38 39 27 64 16 73 26 36 10 58 59 47 18 74 42 54 95 33 22 82 17 68 23 89 91 14 46 37 67 34 84 20 9 50 52 88 87 97 61 99 5 62 90 80 66 81 21 3 53 30 51 40 75 43 13 93 94 78 4 24 35 11 1 55 69 8 76 25 92 
	COSTE (km): 5163
	ITERACIONES SIN MEJORA: 1
	LISTA TABU:
	98 15
	17 16
	56 42
	74 72
	59 15
	45 43
	69 68
	90 88
	96 64
	96 95
	98 20
	97 19
	94 93
	93 31
	93 44
	85 84
	97 39
	81 79
	78 34
	98 14
	25 24
	38 37
	89 18
	72 71
	72 15
	98 96
	95 93
	95 3
	6 4
	98 51
	96 78
	95 76
	96 72
	98 50
	85 83
	28 26
	27 25
	90 26
	96 37
	96 39
	98 85
	93 92
	37 35
	91 16
	93 91
	95 94
	85 14
	84 6
	85 49
	97 40

ITERACION: 52
	INTERCAMBIO: (98, 48)
	RECORRIDO: 98 44 83 29 2 65 31 72 45 63 28 85 56 70 79 71 96 48 15 77 6 60 41 7 32 49 19 57 12 86 38 39 27 64 16 73 26 36 10 58 59 47 18 74 42 54 95 33 92 82 17 68 23 89 91 14 46 37 67 34 84 20 9 50 52 88 87 97 61 99 5 62 90 80 66 81 21 3 53 30 51 40 75 43 13 93 94 78 4 24 35 11 1 55 69 8 76 25 22 
	COSTE (km): 4877
	ITERACIONES SIN MEJORA: 2
	LISTA TABU:
	17 16
	56 42
	74 72
	59 15
	45 43
	69 68
	90 88
	96 64
	96 95
	98 20
	97 19
	94 93
	93 31
	93 44
	85 84
	97 39
	81 79
	78 34
	98 14
	25 24
	38 37
	89 18
	72 71
	72 15
	98 96
	95 93
	95 3
	6 4
	98 51
	96 78
	95 76
	96 72
	98 50
	85 83
	28 26
	27 25
	90 26
	96 37
	96 39
	98 85
	93 92
	37 35
	91 16
	93 91
	95 94
	85 14
	84 6
	85 49
	97 40
	98 48

ITERACION: 53
	INTERCAMBIO: (86, 49)
	RECORRIDO: 98 44 83 29 2 65 31 72 45 63 28 85 56 70 79 71 96 48 15 77 6 60 41 7 32 49 19 57 12 86 38 39 27 64 16 73 26 36 10 58 59 47 18 74 42 54 95 33 92 94 17 68 23 89 91 14 46 37 67 34 84 20 9 50 52 88 87 97 61 99 5 62 90 80 66 81 21 3 53 30 51 40 75 43 13 93 82 78 4 24 35 11 1 55 69 8 76 25 22 
	COSTE (km): 4717
	ITERACIONES SIN MEJORA: 3
	LISTA TABU:
	56 42
	74 72
	59 15
	45 43
	69 68
	90 88
	96 64
	96 95
	98 20
	97 19
	94 93
	93 31
	93 44
	85 84
	97 39
	81 79
	78 34
	98 14
	25 24
	38 37
	89 18
	72 71
	72 15
	98 96
	95 93
	95 3
	6 4
	98 51
	96 78
	95 76
	96 72
	98 50
	85 83
	28 26
	27 25
	90 26
	96 37
	96 39
	98 85
	93 92
	37 35
	91 16
	93 91
	95 94
	85 14
	84 6
	85 49
	97 40
	98 48
	86 49

ITERACION: 54
	INTERCAMBIO: (95, 59)
	RECORRIDO: 98 44 83 29 2 65 31 72 45 63 28 85 56 70 79 71 96 48 15 77 6 60 41 7 32 49 19 57 12 86 38 39 27 64 16 73 26 36 10 58 59 47 18 74 42 54 95 33 92 94 17 68 23 89 91 14 46 37 67 8 84 20 9 50 52 88 87 97 61 99 5 62 90 80 66 81 21 3 53 30 51 40 75 43 13 93 82 78 4 24 35 11 1 55 69 34 76 25 22 
	COSTE (km): 4577
	ITERACIONES SIN MEJORA: 4
	LISTA TABU:
	74 72
	59 15
	45 43
	69 68
	90 88
	96 64
	96 95
	98 20
	97 19
	94 93
	93 31
	93 44
	85 84
	97 39
	81 79
	78 34
	98 14
	25 24
	38 37
	89 18
	72 71
	72 15
	98 96
	95 93
	95 3
	6 4
	98 51
	96 78
	95 76
	96 72
	98 50
	85 83
	28 26
	27 25
	90 26
	96 37
	96 39
	98 85
	93 92
	37 35
	91 16
	93 91
	95 94
	85 14
	84 6
	85 49
	97 40
	98 48
	86 49
	95 59

ITERACION: 55
	INTERCAMBIO: (48, 14)
	RECORRIDO: 98 44 83 29 2 65 31 72 45 63 28 85 56 70 92 71 96 48 15 77 6 60 41 7 32 49 19 57 12 86 38 39 27 64 16 73 26 36 10 58 59 47 18 74 42 54 95 33 79 94 17 68 23 89 91 14 46 37 67 8 84 20 9 50 52 88 87 97 61 99 5 62 90 80 66 81 21 3 53 30 51 40 75 43 13 93 82 78 4 24 35 11 1 55 69 34 76 25 22 
	COSTE (km): 4681
	ITERACIONES SIN MEJORA: 5
	LISTA TABU:
	59 15
	45 43
	69 68
	90 88
	96 64
	96 95
	98 20
	97 19
	94 93
	93 31
	93 44
	85 84
	97 39
	81 79
	78 34
	98 14
	25 24
	38 37
	89 18
	72 71
	72 15
	98 96
	95 93
	95 3
	6 4
	98 51
	96 78
	95 76
	96 72
	98 50
	85 83
	28 26
	27 25
	90 26
	96 37
	96 39
	98 85
	93 92
	37 35
	91 16
	93 91
	95 94
	85 14
	84 6
	85 49
	97 40
	98 48
	86 49
	95 59
	48 14

ITERACION: 56
	INTERCAMBIO: (95, 27)
	RECORRIDO: 98 44 83 29 2 65 31 72 45 63 28 85 56 70 92 71 96 48 15 77 6 60 41 7 32 49 19 34 12 86 38 39 27 64 16 73 26 36 10 58 59 47 18 74 42 54 95 33 79 94 17 68 23 89 91 14 46 37 67 8 84 20 9 50 52 88 87 97 61 99 5 62 90 80 66 81 21 3 53 30 51 40 75 43 13 93 82 78 4 24 35 11 1 55 69 57 76 25 22 
	COSTE (km): 4850
	ITERACIONES SIN MEJORA: 6
	LISTA TABU:
	45 43
	69 68
	90 88
	96 64
	96 95
	98 20
	97 19
	94 93
	93 31
	93 44
	85 84
	97 39
	81 79
	78 34
	98 14
	25 24
	38 37
	89 18
	72 71
	72 15
	98 96
	95 93
	95 3
	6 4
	98 51
	96 78
	95 76
	96 72
	98 50
	85 83
	28 26
	27 25
	90 26
	96 37
	96 39
	98 85
	93 92
	37 35
	91 16
	93 91
	95 94
	85 14
	84 6
	85 49
	97 40
	98 48
	86 49
	95 59
	48 14
	95 27

ITERACION: 57
	INTERCAMBIO: (91, 27)
	RECORRIDO: 98 44 83 29 2 65 31 72 45 63 28 85 56 70 92 71 96 48 15 77 6 60 41 7 32 49 19 11 12 86 38 39 27 64 16 73 26 36 10 58 59 47 18 74 42 54 95 33 79 94 17 68 23 89 91 14 46 37 67 8 84 20 9 50 52 88 87 97 61 99 5 62 90 80 66 81 21 3 53 30 51 40 75 43 13 93 82 78 4 24 35 34 1 55 69 57 76 25 22 
	COSTE (km): 4823
	ITERACIONES SIN MEJORA: 7
	LISTA TABU:
	69 68
	90 88
	96 64
	96 95
	98 20
	97 19
	94 93
	93 31
	93 44
	85 84
	97 39
	81 79
	78 34
	98 14
	25 24
	38 37
	89 18
	72 71
	72 15
	98 96
	95 93
	95 3
	6 4
	98 51
	96 78
	95 76
	96 72
	98 50
	85 83
	28 26
	27 25
	90 26
	96 37
	96 39
	98 85
	93 92
	37 35
	91 16
	93 91
	95 94
	85 14
	84 6
	85 49
	97 40
	98 48
	86 49
	95 59
	48 14
	95 27
	91 27

ITERACION: 58
	INTERCAMBIO: (90, 28)
	RECORRIDO: 98 44 83 29 2 65 31 72 45 63 28 85 56 70 92 71 96 48 15 77 6 60 41 7 32 49 19 11 35 86 38 39 27 64 16 73 26 36 10 58 59 47 18 74 42 54 95 33 79 94 17 68 23 89 91 14 46 37 67 8 84 20 9 50 52 88 87 97 61 99 5 62 90 80 66 81 21 3 53 30 51 40 75 43 13 93 82 78 4 24 12 34 1 55 69 57 76 25 22 
	COSTE (km): 4813
	ITERACIONES SIN MEJORA: 8
	LISTA TABU:
	90 88
	96 64
	96 95
	98 20
	97 19
	94 93
	93 31
	93 44
	85 84
	97 39
	81 79
	78 34
	98 14
	25 24
	38 37
	89 18
	72 71
	72 15
	98 96
	95 93
	95 3
	6 4
	98 51
	96 78
	95 76
	96 72
	98 50
	85 83
	28 26
	27 25
	90 26
	96 37
	96 39
	98 85
	93 92
	37 35
	91 16
	93 91
	95 94
	85 14
	84 6
	85 49
	97 40
	98 48
	86 49
	95 59
	48 14
	95 27
	91 27
	90 28

ITERACION: 59
	INTERCAMBIO: (31, 29)
	RECORRIDO: 98 44 83 29 2 65 31 72 45 63 28 85 56 70 92 71 96 48 15 77 6 60 41 7 32 49 19 11 35 39 38 86 27 64 16 73 26 36 10 58 59 47 18 74 42 54 95 33 79 94 17 68 23 89 91 14 46 37 67 8 84 20 9 50 52 88 87 97 61 99 5 62 90 80 66 81 21 3 53 30 51 40 75 43 13 93 82 78 4 24 12 34 1 55 69 57 76 25 22 
	COSTE (km): 4832
	ITERACIONES SIN MEJORA: 9
	LISTA TABU:
	96 64
	96 95
	98 20
	97 19
	94 93
	93 31
	93 44
	85 84
	97 39
	81 79
	78 34
	98 14
	25 24
	38 37
	89 18
	72 71
	72 15
	98 96
	95 93
	95 3
	6 4
	98 51
	96 78
	95 76
	96 72
	98 50
	85 83
	28 26
	27 25
	90 26
	96 37
	96 39
	98 85
	93 92
	37 35
	91 16
	93 91
	95 94
	85 14
	84 6
	85 49
	97 40
	98 48
	86 49
	95 59
	48 14
	95 27
	91 27
	90 28
	31 29

ITERACION: 60
	INTERCAMBIO: (47, 31)
	RECORRIDO: 98 44 83 29 2 65 31 72 45 63 28 85 56 70 92 71 96 48 15 77 6 60 41 7 32 49 19 11 35 39 38 33 27 64 16 73 26 36 10 58 59 47 18 74 42 54 95 86 79 94 17 68 23 89 91 14 46 37 67 8 84 20 9 50 52 88 87 97 61 99 5 62 90 80 66 81 21 3 53 30 51 40 75 43 13 93 82 78 4 24 12 34 1 55 69 57 76 25 22 
	COSTE (km): 4809
	ITERACIONES SIN MEJORA: 10
	LISTA TABU:
	96 95
	98 20
	97 19
	94 93
	93 31
	93 44
	85 84
	97 39
	81 79
	78 34
	98 14
	25 24
	38 37
	89 18
	72 71
	72 15
	98 96
	95 93
	95 3
	6 4
	98 51
	96 78
	95 76
	96 72
	98 50
	85 83
	28 26
	27 25
	90 26
	96 37
	96 39
	98 85
	93 92
	37 35
	91 16
	93 91
	95 94
	85 14
	84 6
	85 49
	97 40
	98 48
	86 49
	95 59
	48 14
	95 27
	91 27
	90 28
	31 29
	47 31

***************
REINICIO: 6
***************

ITERACION: 61
	INTERCAMBIO: (98, 28)
	RECORRIDO: 98 44 83 29 2 65 31 72 45 63 28 85 56 70 79 71 96 48 15 77 6 60 41 7 32 49 19 57 21 86 38 39 27 64 16 73 26 36 10 58 59 82 17 68 23 89 91 14 46 37 67 34 84 20 9 50 95 33 22 25 47 18 74 42 54 80 88 87 97 61 99 5 62 52 55 40 75 43 13 93 90 69 8 3 53 81 76 66 51 30 24 4 78 11 35 1 94 92 12 
	COSTE (km): 3943
	ITERACIONES SIN MEJORA: 0
	LISTA TABU:
	98 20
	97 19
	94 93
	93 31
	93 44
	85 84
	97 39
	81 79
	78 34
	98 14
	25 24
	38 37
	89 18
	72 71
	72 15
	98 96
	95 93
	95 3
	6 4
	98 51
	96 78
	95 76
	96 72
	98 50
	85 83
	28 26
	27 25
	90 26
	96 37
	96 39
	98 85
	93 92
	37 35
	91 16
	93 91
	95 94
	85 14
	84 6
	85 49
	97 40
	98 48
	86 49
	95 59
	48 14
	95 27
	91 27
	90 28
	31 29
	47 31
	98 28

ITERACION: 62
	INTERCAMBIO: (97, 14)
	RECORRIDO: 98 44 83 29 2 65 31 72 45 63 28 85 56 70 92 71 96 48 15 77 6 60 41 7 32 49 19 57 21 86 38 39 27 64 16 73 26 36 10 58 59 82 17 68 23 89 91 14 46 37 67 34 84 20 9 50 95 33 22 25 47 18 74 42 54 80 88 87 97 61 99 5 62 52 55 40 75 43 13 93 90 69 8 3 53 81 76 66 51 30 24 4 78 11 35 1 94 79 12 
	COSTE (km): 3811
	ITERACIONES SIN MEJORA: 0
	LISTA TABU:
	97 19
	94 93
	93 31
	93 44
	85 84
	97 39
	81 79
	78 34
	98 14
	25 24
	38 37
	89 18
	72 71
	72 15
	98 96
	95 93
	95 3
	6 4
	98 51
	96 78
	95 76
	96 72
	98 50
	85 83
	28 26
	27 25
	90 26
	96 37
	96 39
	98 85
	93 92
	37 35
	91 16
	93 91
	95 94
	85 14
	84 6
	85 49
	97 40
	98 48
	86 49
	95 59
	48 14
	95 27
	91 27
	90 28
	31 29
	47 31
	98 28
	97 14

ITERACION: 63
	INTERCAMBIO: (86, 85)
	RECORRIDO: 98 44 83 29 2 65 31 72 45 63 28 85 56 70 92 71 96 48 15 77 6 60 41 7 32 49 19 57 21 86 38 39 27 64 16 73 26 36 10 58 59 82 17 68 23 89 91 14 46 37 67 34 84 20 9 50 95 33 22 25 47 18 74 42 54 80 88 87 97 61 99 5 62 52 55 40 75 43 13 93 90 69 8 3 53 76 81 66 51 30 24 4 78 11 35 1 94 79 12 
	COSTE (km): 3871
	ITERACIONES SIN MEJORA: 1
	LISTA TABU:
	94 93
	93 31
	93 44
	85 84
	97 39
	81 79
	78 34
	98 14
	25 24
	38 37
	89 18
	72 71
	72 15
	98 96
	95 93
	95 3
	6 4
	98 51
	96 78
	95 76
	96 72
	98 50
	85 83
	28 26
	27 25
	90 26
	96 37
	96 39
	98 85
	93 92
	37 35
	91 16
	93 91
	95 94
	85 14
	84 6
	85 49
	97 40
	98 48
	86 49
	95 59
	48 14
	95 27
	91 27
	90 28
	31 29
	47 31
	98 28
	97 14
	86 85

ITERACION: 64
	INTERCAMBIO: (84, 7)
	RECORRIDO: 98 44 83 29 2 65 31 53 45 63 28 85 56 70 92 71 96 48 15 77 6 60 41 7 32 49 19 57 21 86 38 39 27 64 16 73 26 36 10 58 59 82 17 68 23 89 91 14 46 37 67 34 84 20 9 50 95 33 22 25 47 18 74 42 54 80 88 87 97 61 99 5 62 52 55 40 75 43 13 93 90 69 8 3 72 76 81 66 51 30 24 4 78 11 35 1 94 79 12 
	COSTE (km): 3976
	ITERACIONES SIN MEJORA: 2
	LISTA TABU:
	93 31
	93 44
	85 84
	97 39
	81 79
	78 34
	98 14
	25 24
	38 37
	89 18
	72 71
	72 15
	98 96
	95 93
	95 3
	6 4
	98 51
	96 78
	95 76
	96 72
	98 50
	85 83
	28 26
	27 25
	90 26
	96 37
	96 39
	98 85
	93 92
	37 35
	91 16
	93 91
	95 94
	85 14
	84 6
	85 49
	97 40
	98 48
	86 49
	95 59
	48 14
	95 27
	91 27
	90 28
	31 29
	47 31
	98 28
	97 14
	86 85
	84 7

ITERACION: 65
	INTERCAMBIO: (84, 27)
	RECORRIDO: 98 44 83 29 2 65 31 53 45 63 28 85 56 70 92 71 96 48 15 77 6 60 41 7 32 49 19 72 21 86 38 39 27 64 16 73 26 36 10 58 59 82 17 68 23 89 91 14 46 37 67 34 84 20 9 50 95 33 22 25 47 18 74 42 54 80 88 87 97 61 99 5 62 52 55 40 75 43 13 93 90 69 8 3 57 76 81 66 51 30 24 4 78 11 35 1 94 79 12 
	COSTE (km): 4037
	ITERACIONES SIN MEJORA: 3
	LISTA TABU:
	93 44
	85 84
	97 39
	81 79
	78 34
	98 14
	25 24
	38 37
	89 18
	72 71
	72 15
	98 96
	95 93
	95 3
	6 4
	98 51
	96 78
	95 76
	96 72
	98 50
	85 83
	28 26
	27 25
	90 26
	96 37
	96 39
	98 85
	93 92
	37 35
	91 16
	93 91
	95 94
	85 14
	84 6
	85 49
	97 40
	98 48
	86 49
	95 59
	48 14
	95 27
	91 27
	90 28
	31 29
	47 31
	98 28
	97 14
	86 85
	84 7
	84 27

ITERACION: 66
	INTERCAMBIO: (67, 28)
	RECORRIDO: 98 44 83 29 2 65 31 53 45 63 28 85 56 70 92 71 96 48 15 77 6 60 41 7 32 49 19 72 87 86 38 39 27 64 16 73 26 36 10 58 59 82 17 68 23 89 91 14 46 37 67 34 84 20 9 50 95 33 22 25 47 18 74 42 54 80 88 21 97 61 99 5 62 52 55 40 75 43 13 93 90 69 8 3 57 76 81 66 51 30 24 4 78 11 35 1 94 79 12 
	COSTE (km): 4153
	ITERACIONES SIN MEJORA: 4
	LISTA TABU:
	85 84
	97 39
	81 79
	78 34
	98 14
	25 24
	38 37
	89 18
	72 71
	72 15
	98 96
	95 93
	95 3
	6 4
	98 51
	96 78
	95 76
	96 72
	98 50
	85 83
	28 26
	27 25
	90 26
	96 37
	96 39
	98 85
	93 92
	37 35
	91 16
	93 91
	95 94
	85 14
	84 6
	85 49
	97 40
	98 48
	86 49
	95 59
	48 14
	95 27
	91 27
	90 28
	31 29
	47 31
	98 28
	97 14
	86 85
	84 7
	84 27
	67 28

ITERACION: 67
	INTERCAMBIO: (69, 28)
	RECORRIDO: 98 44 83 29 2 65 31 53 45 63 28 85 56 70 92 71 96 48 15 77 6 60 41 7 32 49 19 72 61 86 38 39 27 64 16 73 26 36 10 58 59 82 17 68 23 89 91 14 46 37 67 34 84 20 9 50 95 33 22 25 47 18 74 42 54 80 88 21 97 87 99 5 62 52 55 40 75 43 13 93 90 69 8 3 57 76 81 66 51 30 24 4 78 11 35 1 94 79 12 
	COSTE (km): 4041
	ITERACIONES SIN MEJORA: 5
	LISTA TABU:
	97 39
	81 79
	78 34
	98 14
	25 24
	38 37
	89 18
	72 71
	72 15
	98 96
	95 93
	95 3
	6 4
	98 51
	96 78
	95 76
	96 72
	98 50
	85 83
	28 26
	27 25
	90 26
	96 37
	96 39
	98 85
	93 92
	37 35
	91 16
	93 91
	95 94
	85 14
	84 6
	85 49
	97 40
	98 48
	86 49
	95 59
	48 14
	95 27
	91 27
	90 28
	31 29
	47 31
	98 28
	97 14
	86 85
	84 7
	84 27
	67 28
	69 28

ITERACION: 68
	INTERCAMBIO: (29, 14)
	RECORRIDO: 98 44 83 29 2 65 31 53 45 63 28 85 56 70 86 71 96 48 15 77 6 60 41 7 32 49 19 72 61 92 38 39 27 64 16 73 26 36 10 58 59 82 17 68 23 89 91 14 46 37 67 34 84 20 9 50 95 33 22 25 47 18 74 42 54 80 88 21 97 87 99 5 62 52 55 40 75 43 13 93 90 69 8 3 57 76 81 66 51 30 24 4 78 11 35 1 94 79 12 
	COSTE (km): 4127
	ITERACIONES SIN MEJORA: 6
	LISTA TABU:
	81 79
	78 34
	98 14
	25 24
	38 37
	89 18
	72 71
	72 15
	98 96
	95 93
	95 3
	6 4
	98 51
	96 78
	95 76
	96 72
	98 50
	85 83
	28 26
	27 25
	90 26
	96 37
	96 39
	98 85
	93 92
	37 35
	91 16
	93 91
	95 94
	85 14
	84 6
	85 49
	97 40
	98 48
	86 49
	95 59
	48 14
	95 27
	91 27
	90 28
	31 29
	47 31
	98 28
	97 14
	86 85
	84 7
	84 27
	67 28
	69 28
	29 14

ITERACION: 69
	INTERCAMBIO: (98, 70)
	RECORRIDO: 98 44 83 29 2 65 31 53 45 63 28 85 56 70 86 71 96 48 15 77 6 60 41 7 32 49 19 72 61 92 38 39 27 64 16 73 26 36 10 58 59 82 17 68 23 89 91 14 46 37 67 34 84 20 9 50 95 33 22 25 47 18 74 42 54 80 88 21 97 87 12 5 62 52 55 40 75 43 13 93 90 69 8 3 57 76 81 66 51 30 24 4 78 11 35 1 94 79 99 
	COSTE (km): 4248
	ITERACIONES SIN MEJORA: 7
	LISTA TABU:
	78 34
	98 14
	25 24
	38 37
	89 18
	72 71
	72 15
	98 96
	95 93
	95 3
	6 4
	98 51
	96 78
	95 76
	96 72
	98 50
	85 83
	28 26
	27 25
	90 26
	96 37
	96 39
	98 85
	93 92
	37 35
	91 16
	93 91
	95 94
	85 14
	84 6
	85 49
	97 40
	98 48
	86 49
	95 59
	48 14
	95 27
	91 27
	90 28
	31 29
	47 31
	98 28
	97 14
	86 85
	84 7
	84 27
	67 28
	69 28
	29 14
	98 70

ITERACION: 70
	INTERCAMBIO: (69, 67)
	RECORRIDO: 98 44 83 29 2 65 31 53 45 63 28 85 56 70 86 71 96 48 15 77 6 60 41 7 32 49 19 72 61 92 38 39 27 64 16 73 26 36 10 58 59 82 17 68 23 89 91 14 46 37 67 34 84 20 9 50 95 33 22 25 47 18 74 42 54 80 88 87 97 21 12 5 62 52 55 40 75 43 13 93 90 69 8 3 57 76 81 66 51 30 24 4 78 11 35 1 94 79 99 
	COSTE (km): 4125
	ITERACIONES SIN MEJORA: 8
	LISTA TABU:
	98 14
	25 24
	38 37
	89 18
	72 71
	72 15
	98 96
	95 93
	95 3
	6 4
	98 51
	96 78
	95 76
	96 72
	98 50
	85 83
	28 26
	27 25
	90 26
	96 37
	96 39
	98 85
	93 92
	37 35
	91 16
	93 91
	95 94
	85 14
	84 6
	85 49
	97 40
	98 48
	86 49
	95 59
	48 14
	95 27
	91 27
	90 28
	31 29
	47 31
	98 28
	97 14
	86 85
	84 7
	84 27
	67 28
	69 28
	29 14
	98 70
	69 67

***************
REINICIO: 7
***************

ITERACION: 71
	INTERCAMBIO: (95, 91)
	RECORRIDO: 98 44 70 79 71 96 48 15 77 8 33 95 30 51 86 38 80 32 7 41 55 87 97 72 45 63 10 58 25 47 18 74 42 54 85 56 93 13 76 81 21 2 65 31 53 12 57 19 49 9 20 84 92 61 99 5 62 26 36 16 73 22 82 17 68 23 89 39 27 64 88 52 3 40 75 43 83 29 94 6 60 14 46 37 67 34 50 59 78 91 28 11 35 24 4 1 90 69 66 
	COSTE (km): 3738
	ITERACIONES SIN MEJORA: 0
	LISTA TABU:
	25 24
	38 37
	89 18
	72 71
	72 15
	98 96
	95 93
	95 3
	6 4
	98 51
	96 78
	95 76
	96 72
	98 50
	85 83
	28 26
	27 25
	90 26
	96 37
	96 39
	98 85
	93 92
	37 35
	91 16
	93 91
	95 94
	85 14
	84 6
	85 49
	97 40
	98 48
	86 49
	95 59
	48 14
	95 27
	91 27
	90 28
	31 29
	47 31
	98 28
	97 14
	86 85
	84 7
	84 27
	67 28
	69 28
	29 14
	98 70
	69 67
	95 91

ITERACION: 72
	INTERCAMBIO: (94, 92)
	RECORRIDO: 98 44 70 79 71 96 48 15 77 8 33 95 30 51 86 38 80 32 7 41 55 87 97 72 45 63 10 58 25 47 18 74 42 54 85 56 93 13 76 81 21 2 65 31 53 12 57 19 49 9 20 84 92 61 99 5 62 26 36 16 73 22 82 17 68 23 89 39 27 64 88 52 3 40 75 43 83 29 94 6 60 14 46 37 67 34 50 59 78 91 28 11 4 24 35 1 90 69 66 
	COSTE (km): 3551
	ITERACIONES SIN MEJORA: 0
	LISTA TABU:
	38 37
	89 18
	72 71
	72 15
	98 96
	95 93
	95 3
	6 4
	98 51
	96 78
	95 76
	96 72
	98 50
	85 83
	28 26
	27 25
	90 26
	96 37
	96 39
	98 85
	93 92
	37 35
	91 16
	93 91
	95 94
	85 14
	84 6
	85 49
	97 40
	98 48
	86 49
	95 59
	48 14
	95 27
	91 27
	90 28
	31 29
	47 31
	98 28
	97 14
	86 85
	84 7
	84 27
	67 28
	69 28
	29 14
	98 70
	69 67
	95 91
	94 92

ITERACION: 73
	INTERCAMBIO: (97, 96)
	RECORRIDO: 98 44 70 79 71 96 48 15 77 8 33 95 30 51 86 38 80 32 7 41 55 87 97 72 45 63 10 58 25 47 18 74 42 54 85 56 93 13 76 81 21 2 65 31 53 12 57 19 49 9 20 84 92 61 99 5 62 26 36 16 73 22 82 17 68 23 89 39 27 64 88 52 3 40 75 43 83 29 94 6 60 14 46 37 67 34 50 59 78 91 28 11 4 24 35 1 69 90 66 
	COSTE (km): 3517
	ITERACIONES SIN MEJORA: 0
	LISTA TABU:
	89 18
	72 71
	72 15
	98 96
	95 93
	95 3
	6 4
	98 51
	96 78
	95 76
	96 72
	98 50
	85 83
	28 26
	27 25
	90 26
	96 37
	96 39
	98 85
	93 92
	37 35
	91 16
	93 91
	95 94
	85 14
	84 6
	85 49
	97 40
	98 48
	86 49
	95 59
	48 14
	95 27
	91 27
	90 28
	31 29
	47 31
	98 28
	97 14
	86 85
	84 7
	84 27
	67 28
	69 28
	29 14
	98 70
	69 67
	95 91
	94 92
	97 96

ITERACION: 74
	INTERCAMBIO: (96, 84)
	RECORRIDO: 98 44 70 79 71 96 48 15 77 8 33 95 30 51 86 38 80 32 7 41 55 87 97 72 45 63 10 58 25 47 18 74 42 54 85 56 93 13 76 81 21 2 65 31 53 12 57 19 49 9 20 84 92 61 99 5 62 26 36 16 73 22 82 17 68 23 89 39 27 64 88 52 3 40 75 43 83 29 94 6 60 14 46 37 69 34 50 59 78 91 28 11 4 24 35 1 67 90 66 
	COSTE (km): 3553
	ITERACIONES SIN MEJORA: 1
	LISTA TABU:
	72 71
	72 15
	98 96
	95 93
	95 3
	6 4
	98 51
	96 78
	95 76
	96 72
	98 50
	85 83
	28 26
	27 25
	90 26
	96 37
	96 39
	98 85
	93 92
	37 35
	91 16
	93 91
	95 94
	85 14
	84 6
	85 49
	97 40
	98 48
	86 49
	95 59
	48 14
	95 27
	91 27
	90 28
	31 29
	47 31
	98 28
	97 14
	86 85
	84 7
	84 27
	67 28
	69 28
	29 14
	98 70
	69 67
	95 91
	94 92
	97 96
	96 84

ITERACION: 75
	INTERCAMBIO: (19, 18)
	RECORRIDO: 98 44 70 79 71 96 48 15 77 8 33 95 30 51 86 38 80 32 41 7 55 87 97 72 45 63 10 58 25 47 18 74 42 54 85 56 93 13 76 81 21 2 65 31 53 12 57 19 49 9 20 84 92 61 99 5 62 26 36 16 73 22 82 17 68 23 89 39 27 64 88 52 3 40 75 43 83 29 94 6 60 14 46 37 69 34 50 59 78 91 28 11 4 24 35 1 67 90 66 
	COSTE (km): 3593
	ITERACIONES SIN MEJORA: 2
	LISTA TABU:
	72 15
	98 96
	95 93
	95 3
	6 4
	98 51
	96 78
	95 76
	96 72
	98 50
	85 83
	28 26
	27 25
	90 26
	96 37
	96 39
	98 85
	93 92
	37 35
	91 16
	93 91
	95 94
	85 14
	84 6
	85 49
	97 40
	98 48
	86 49
	95 59
	48 14
	95 27
	91 27
	90 28
	31 29
	47 31
	98 28
	97 14
	86 85
	84 7
	84 27
	67 28
	69 28
	29 14
	98 70
	69 67
	95 91
	94 92
	97 96
	96 84
	19 18

ITERACION: 76
	INTERCAMBIO: (89, 7)
	RECORRIDO: 98 44 70 79 71 96 48 91 77 8 33 95 30 51 86 38 80 32 41 7 55 87 97 72 45 63 10 58 25 47 18 74 42 54 85 56 93 13 76 81 21 2 65 31 53 12 57 19 49 9 20 84 92 61 99 5 62 26 36 16 73 22 82 17 68 23 89 39 27 64 88 52 3 40 75 43 83 29 94 6 60 14 46 37 69 34 50 59 78 15 28 11 4 24 35 1 67 90 66 
	COSTE (km): 3667
	ITERACIONES SIN MEJORA: 3
	LISTA TABU:
	98 96
	95 93
	95 3
	6 4
	98 51
	96 78
	95 76
	96 72
	98 50
	85 83
	28 26
	27 25
	90 26
	96 37
	96 39
	98 85
	93 92
	37 35
	91 16
	93 91
	95 94
	85 14
	84 6
	85 49
	97 40
	98 48
	86 49
	95 59
	48 14
	95 27
	91 27
	90 28
	31 29
	47 31
	98 28
	97 14
	86 85
	84 7
	84 27
	67 28
	69 28
	29 14
	98 70
	69 67
	95 91
	94 92
	97 96
	96 84
	19 18
	89 7

ITERACION: 77
	INTERCAMBIO: (97, 95)
	RECORRIDO: 98 44 70 79 71 96 48 91 77 8 33 95 30 51 86 38 80 32 41 7 55 87 97 72 45 63 10 58 25 47 18 74 42 54 85 56 93 13 76 81 21 2 65 31 53 12 57 19 49 9 20 84 92 61 99 5 62 26 36 16 73 22 82 17 68 23 89 39 27 64 88 52 3 40 75 43 83 29 94 6 60 14 46 37 69 34 50 59 78 15 28 11 4 24 35 90 67 1 66 
	COSTE (km): 3732
	ITERACIONES SIN MEJORA: 4
	LISTA TABU:
	95 93
	95 3
	6 4
	98 51
	96 78
	95 76
	96 72
	98 50
	85 83
	28 26
	27 25
	90 26
	96 37
	96 39
	98 85
	93 92
	37 35
	91 16
	93 91
	95 94
	85 14
	84 6
	85 49
	97 40
	98 48
	86 49
	95 59
	48 14
	95 27
	91 27
	90 28
	31 29
	47 31
	98 28
	97 14
	86 85
	84 7
	84 27
	67 28
	69 28
	29 14
	98 70
	69 67
	95 91
	94 92
	97 96
	96 84
	19 18
	89 7
	97 95

ITERACION: 78
	INTERCAMBIO: (94, 93)
	RECORRIDO: 98 44 70 79 71 96 48 91 77 8 33 95 30 51 86 38 80 32 41 7 55 87 97 72 45 63 10 58 25 47 18 74 42 54 85 56 93 13 76 81 21 2 65 31 53 12 57 19 49 9 20 84 92 61 99 5 62 26 36 16 73 22 82 17 68 23 89 39 27 64 88 52 3 40 75 43 83 29 94 6 60 14 46 37 69 34 50 59 78 15 28 11 4 35 24 90 67 1 66 
	COSTE (km): 3830
	ITERACIONES SIN MEJORA: 5
	LISTA TABU:
	95 3
	6 4
	98 51
	96 78
	95 76
	96 72
	98 50
	85 83
	28 26
	27 25
	90 26
	96 37
	96 39
	98 85
	93 92
	37 35
	91 16
	93 91
	95 94
	85 14
	84 6
	85 49
	97 40
	98 48
	86 49
	95 59
	48 14
	95 27
	91 27
	90 28
	31 29
	47 31
	98 28
	97 14
	86 85
	84 7
	84 27
	67 28
	69 28
	29 14
	98 70
	69 67
	95 91
	94 92
	97 96
	96 84
	19 18
	89 7
	97 95
	94 93

ITERACION: 79
	INTERCAMBIO: (88, 6)
	RECORRIDO: 98 44 70 79 71 96 78 91 77 8 33 95 30 51 86 38 80 32 41 7 55 87 97 72 45 63 10 58 25 47 18 74 42 54 85 56 93 13 76 81 21 2 65 31 53 12 57 19 49 9 20 84 92 61 99 5 62 26 36 16 73 22 82 17 68 23 89 39 27 64 88 52 3 40 75 43 83 29 94 6 60 14 46 37 69 34 50 59 48 15 28 11 4 35 24 90 67 1 66 
	COSTE (km): 3922
	ITERACIONES SIN MEJORA: 6
	LISTA TABU:
	6 4
	98 51
	96 78
	95 76
	96 72
	98 50
	85 83
	28 26
	27 25
	90 26
	96 37
	96 39
	98 85
	93 92
	37 35
	91 16
	93 91
	95 94
	85 14
	84 6
	85 49
	97 40
	98 48
	86 49
	95 59
	48 14
	95 27
	91 27
	90 28
	31 29
	47 31
	98 28
	97 14
	86 85
	84 7
	84 27
	67 28
	69 28
	29 14
	98 70
	69 67
	95 91
	94 92
	97 96
	96 84
	19 18
	89 7
	97 95
	94 93
	88 6

ITERACION: 80
	INTERCAMBIO: (89, 5)
	RECORRIDO: 98 44 70 79 71 15 78 91 77 8 33 95 30 51 86 38 80 32 41 7 55 87 97 72 45 63 10 58 25 47 18 74 42 54 85 56 93 13 76 81 21 2 65 31 53 12 57 19 49 9 20 84 92 61 99 5 62 26 36 16 73 22 82 17 68 23 89 39 27 64 88 52 3 40 75 43 83 29 94 6 60 14 46 37 69 34 50 59 48 96 28 11 4 35 24 90 67 1 66 
	COSTE (km): 3889
	ITERACIONES SIN MEJORA: 7
	LISTA TABU:
	98 51
	96 78
	95 76
	96 72
	98 50
	85 83
	28 26
	27 25
	90 26
	96 37
	96 39
	98 85
	93 92
	37 35
	91 16
	93 91
	95 94
	85 14
	84 6
	85 49
	97 40
	98 48
	86 49
	95 59
	48 14
	95 27
	91 27
	90 28
	31 29
	47 31
	98 28
	97 14
	86 85
	84 7
	84 27
	67 28
	69 28
	29 14
	98 70
	69 67
	95 91
	94 92
	97 96
	96 84
	19 18
	89 7
	97 95
	94 93
	88 6
	89 5

***************
REINICIO: 8
***************

ITERACION: 81
	INTERCAMBIO: (98, 80)
	RECORRIDO: 93 13 72 45 63 10 52 33 22 79 94 29 2 98 7 41 90 5 62 26 36 16 73 70 44 83 86 12 57 19 51 30 24 31 15 48 96 8 77 6 60 14 38 80 66 81 76 56 85 54 42 74 18 47 25 58 69 20 9 82 17 68 53 3 49 32 65 11 35 1 28 87 55 40 75 43 27 64 59 78 23 89 39 95 50 34 84 92 61 99 88 67 46 37 71 4 97 21 91 
	COSTE (km): 3654
	ITERACIONES SIN MEJORA: 1
	LISTA TABU:
	96 78
	95 76
	96 72
	98 50
	85 83
	28 26
	27 25
	90 26
	96 37
	96 39
	98 85
	93 92
	37 35
	91 16
	93 91
	95 94
	85 14
	84 6
	85 49
	97 40
	98 48
	86 49
	95 59
	48 14
	95 27
	91 27
	90 28
	31 29
	47 31
	98 28
	97 14
	86 85
	84 7
	84 27
	67 28
	69 28
	29 14
	98 70
	69 67
	95 91
	94 92
	97 96
	96 84
	19 18
	89 7
	97 95
	94 93
	88 6
	89 5
	98 80

ITERACION: 82
	INTERCAMBIO: (18, 17)
	RECORRIDO: 93 13 72 45 63 10 52 33 22 79 94 29 2 98 7 41 90 62 5 26 36 16 73 70 44 83 86 12 57 19 51 30 24 31 15 48 96 8 77 6 60 14 38 80 66 81 76 56 85 54 42 74 18 47 25 58 69 20 9 82 17 68 53 3 49 32 65 11 35 1 28 87 55 40 75 43 27 64 59 78 23 89 39 95 50 34 84 92 61 99 88 67 46 37 71 4 97 21 91 
	COSTE (km): 3690
	ITERACIONES SIN MEJORA: 2
	LISTA TABU:
	95 76
	96 72
	98 50
	85 83
	28 26
	27 25
	90 26
	96 37
	96 39
	98 85
	93 92
	37 35
	91 16
	93 91
	95 94
	85 14
	84 6
	85 49
	97 40
	98 48
	86 49
	95 59
	48 14
	95 27
	91 27
	90 28
	31 29
	47 31
	98 28
	97 14
	86 85
	84 7
	84 27
	67 28
	69 28
	29 14
	98 70
	69 67
	95 91
	94 92
	97 96
	96 84
	19 18
	89 7
	97 95
	94 93
	88 6
	89 5
	98 80
	18 17

ITERACION: 83
	INTERCAMBIO: (16, 14)
	RECORRIDO: 93 13 72 45 63 10 52 33 22 79 94 29 2 98 90 41 7 62 5 26 36 16 73 70 44 83 86 12 57 19 51 30 24 31 15 48 96 8 77 6 60 14 38 80 66 81 76 56 85 54 42 74 18 47 25 58 69 20 9 82 17 68 53 3 49 32 65 11 35 1 28 87 55 40 75 43 27 64 59 78 23 89 39 95 50 34 84 92 61 99 88 67 46 37 71 4 97 21 91 
	COSTE (km): 3707
	ITERACIONES SIN MEJORA: 3
	LISTA TABU:
	96 72
	98 50
	85 83
	28 26
	27 25
	90 26
	96 37
	96 39
	98 85
	93 92
	37 35
	91 16
	93 91
	95 94
	85 14
	84 6
	85 49
	97 40
	98 48
	86 49
	95 59
	48 14
	95 27
	91 27
	90 28
	31 29
	47 31
	98 28
	97 14
	86 85
	84 7
	84 27
	67 28
	69 28
	29 14
	98 70
	69 67
	95 91
	94 92
	97 96
	96 84
	19 18
	89 7
	97 95
	94 93
	88 6
	89 5
	98 80
	18 17
	16 14

ITERACION: 84
	INTERCAMBIO: (95, 67)
	RECORRIDO: 93 13 72 45 63 10 52 33 22 79 94 29 2 98 90 41 7 62 5 26 36 16 73 70 44 83 86 12 57 19 51 30 24 31 15 48 96 8 77 6 60 14 38 80 66 81 76 56 85 54 42 74 18 47 25 58 69 20 9 82 17 68 53 3 49 32 65 4 35 1 28 87 55 40 75 43 27 64 59 78 23 89 39 95 50 34 84 92 61 99 88 67 46 37 71 11 97 21 91 
	COSTE (km): 3809
	ITERACIONES SIN MEJORA: 4
	LISTA TABU:
	98 50
	85 83
	28 26
	27 25
	90 26
	96 37
	96 39
	98 85
	93 92
	37 35
	91 16
	93 91
	95 94
	85 14
	84 6
	85 49
	97 40
	98 48
	86 49
	95 59
	48 14
	95 27
	91 27
	90 28
	31 29
	47 31
	98 28
	97 14
	86 85
	84 7
	84 27
	67 28
	69 28
	29 14
	98 70
	69 67
	95 91
	94 92
	97 96
	96 84
	19 18
	89 7
	97 95
	94 93
	88 6
	89 5
	98 80
	18 17
	16 14
	95 67

ITERACION: 85
	INTERCAMBIO: (64, 28)
	RECORRIDO: 93 13 72 45 63 10 52 33 22 79 94 29 2 98 90 41 7 62 5 26 36 16 73 70 44 83 86 12 49 19 51 30 24 31 15 48 96 8 77 6 60 14 38 80 66 81 76 56 85 54 42 74 18 47 25 58 69 20 9 82 17 68 53 3 57 32 65 4 35 1 28 87 55 40 75 43 27 64 59 78 23 89 39 95 50 34 84 92 61 99 88 67 46 37 71 11 97 21 91 
	COSTE (km): 3939
	ITERACIONES SIN MEJORA: 5
	LISTA TABU:
	85 83
	28 26
	27 25
	90 26
	96 37
	96 39
	98 85
	93 92
	37 35
	91 16
	93 91
	95 94
	85 14
	84 6
	85 49
	97 40
	98 48
	86 49
	95 59
	48 14
	95 27
	91 27
	90 28
	31 29
	47 31
	98 28
	97 14
	86 85
	84 7
	84 27
	67 28
	69 28
	29 14
	98 70
	69 67
	95 91
	94 92
	97 96
	96 84
	19 18
	89 7
	97 95
	94 93
	88 6
	89 5
	98 80
	18 17
	16 14
	95 67
	64 28

ITERACION: 86
	INTERCAMBIO: (57, 55)
	RECORRIDO: 93 13 72 45 63 10 52 33 22 79 94 29 2 98 90 41 7 62 5 26 36 16 73 70 44 83 86 12 49 19 51 30 24 31 15 48 96 8 77 6 60 14 38 80 66 81 76 56 85 54 42 74 18 47 25 20 69 58 9 82 17 68 53 3 57 32 65 4 35 1 28 87 55 40 75 43 27 64 59 78 23 89 39 95 50 34 84 92 61 99 88 67 46 37 71 11 97 21 91 
	COSTE (km): 4109
	ITERACIONES SIN MEJORA: 6
	LISTA TABU:
	28 26
	27 25
	90 26
	96 37
	96 39
	98 85
	93 92
	37 35
	91 16
	93 91
	95 94
	85 14
	84 6
	85 49
	97 40
	98 48
	86 49
	95 59
	48 14
	95 27
	91 27
	90 28
	31 29
	47 31
	98 28
	97 14
	86 85
	84 7
	84 27
	67 28
	69 28
	29 14
	98 70
	69 67
	95 91
	94 92
	97 96
	96 84
	19 18
	89 7
	97 95
	94 93
	88 6
	89 5
	98 80
	18 17
	16 14
	95 67
	64 28
	57 55

ITERACION: 87
	INTERCAMBIO: (48, 21)
	RECORRIDO: 93 13 72 45 63 10 52 33 22 79 94 29 2 98 90 41 7 62 5 26 36 85 73 70 44 83 86 12 49 19 51 30 24 31 15 48 96 8 77 6 60 14 38 80 66 81 76 56 16 54 42 74 18 47 25 20 69 58 9 82 17 68 53 3 57 32 65 4 35 1 28 87 55 40 75 43 27 64 59 78 23 89 39 95 50 34 84 92 61 99 88 67 46 37 71 11 97 21 91 
	COSTE (km): 4307
	ITERACIONES SIN MEJORA: 7
	LISTA TABU:
	27 25
	90 26
	96 37
	96 39
	98 85
	93 92
	37 35
	91 16
	93 91
	95 94
	85 14
	84 6
	85 49
	97 40
	98 48
	86 49
	95 59
	48 14
	95 27
	91 27
	90 28
	31 29
	47 31
	98 28
	97 14
	86 85
	84 7
	84 27
	67 28
	69 28
	29 14
	98 70
	69 67
	95 91
	94 92
	97 96
	96 84
	19 18
	89 7
	97 95
	94 93
	88 6
	89 5
	98 80
	18 17
	16 14
	95 67
	64 28
	57 55
	48 21

ITERACION: 88
	INTERCAMBIO: (21, 19)
	RECORRIDO: 93 13 72 45 63 10 52 33 22 79 94 29 2 98 90 41 7 62 5 85 36 26 73 70 44 83 86 12 49 19 51 30 24 31 15 48 96 8 77 6 60 14 38 80 66 81 76 56 16 54 42 74 18 47 25 20 69 58 9 82 17 68 53 3 57 32 65 4 35 1 28 87 55 40 75 43 27 64 59 78 23 89 39 95 50 34 84 92 61 99 88 67 46 37 71 11 97 21 91 
	COSTE (km): 4299
	ITERACIONES SIN MEJORA: 8
	LISTA TABU:
	90 26
	96 37
	96 39
	98 85
	93 92
	37 35
	91 16
	93 91
	95 94
	85 14
	84 6
	85 49
	97 40
	98 48
	86 49
	95 59
	48 14
	95 27
	91 27
	90 28
	31 29
	47 31
	98 28
	97 14
	86 85
	84 7
	84 27
	67 28
	69 28
	29 14
	98 70
	69 67
	95 91
	94 92
	97 96
	96 84
	19 18
	89 7
	97 95
	94 93
	88 6
	89 5
	98 80
	18 17
	16 14
	95 67
	64 28
	57 55
	48 21
	21 19

ITERACION: 89
	INTERCAMBIO: (48, 19)
	RECORRIDO: 93 13 72 45 63 10 52 33 22 79 94 29 2 98 90 41 7 62 5 16 36 26 73 70 44 83 86 12 49 19 51 30 24 31 15 48 96 8 77 6 60 14 38 80 66 81 76 56 85 54 42 74 18 47 25 20 69 58 9 82 17 68 53 3 57 32 65 4 35 1 28 87 55 40 75 43 27 64 59 78 23 89 39 95 50 34 84 92 61 99 88 67 46 37 71 11 97 21 91 
	COSTE (km): 4357
	ITERACIONES SIN MEJORA: 9
	LISTA TABU:
	96 37
	96 39
	98 85
	93 92
	37 35
	91 16
	93 91
	95 94
	85 14
	84 6
	85 49
	97 40
	98 48
	86 49
	95 59
	48 14
	95 27
	91 27
	90 28
	31 29
	47 31
	98 28
	97 14
	86 85
	84 7
	84 27
	67 28
	69 28
	29 14
	98 70
	69 67
	95 91
	94 92
	97 96
	96 84
	19 18
	89 7
	97 95
	94 93
	88 6
	89 5
	98 80
	18 17
	16 14
	95 67
	64 28
	57 55
	48 21
	21 19
	48 19

ITERACION: 90
	INTERCAMBIO: (22, 18)
	RECORRIDO: 93 13 72 45 63 10 52 33 22 79 94 29 2 98 90 41 7 62 73 16 36 26 5 70 44 83 86 12 49 19 51 30 24 31 15 48 96 8 77 6 60 14 38 80 66 81 76 56 85 54 42 74 18 47 25 20 69 58 9 82 17 68 53 3 57 32 65 4 35 1 28 87 55 40 75 43 27 64 59 78 23 89 39 95 50 34 84 92 61 99 88 67 46 37 71 11 97 21 91 
	COSTE (km): 4338
	ITERACIONES SIN MEJORA: 10
	LISTA TABU:
	96 39
	98 85
	93 92
	37 35
	91 16
	93 91
	95 94
	85 14
	84 6
	85 49
	97 40
	98 48
	86 49
	95 59
	48 14
	95 27
	91 27
	90 28
	31 29
	47 31
	98 28
	97 14
	86 85
	84 7
	84 27
	67 28
	69 28
	29 14
	98 70
	69 67
	95 91
	94 92
	97 96
	96 84
	19 18
	89 7
	97 95
	94 93
	88 6
	89 5
	98 80
	18 17
	16 14
	95 67
	64 28
	57 55
	48 21
	21 19
	48 19
	22 18

***************
REINICIO: 9
***************

ITERACION: 91
	INTERCAMBIO: (98, 62)
	RECORRIDO: 93 13 72 45 63 10 52 33 22 79 94 29 2 98 7 41 90 5 62 26 36 16 73 70 44 83 86 12 57 19 51 30 24 31 15 48 96 8 77 6 60 14 38 80 66 81 76 56 85 28 1 37 42 74 18 47 25 58 69 20 9 82 4 68 53 3 49 32 65 11 35 39 27 64 59 78 91 89 23 54 95 55 87 97 61 99 88 43 75 40 71 34 84 92 21 50 46 67 17 
	COSTE (km): 4205
	ITERACIONES SIN MEJORA: 1
	LISTA TABU:
	98 85
	93 92
	37 35
	91 16
	93 91
	95 94
	85 14
	84 6
	85 49
	97 40
	98 48
	86 49
	95 59
	48 14
	95 27
	91 27
	90 28
	31 29
	47 31
	98 28
	97 14
	86 85
	84 7
	84 27
	67 28
	69 28
	29 14
	98 70
	69 67
	95 91
	94 92
	97 96
	96 84
	19 18
	89 7
	97 95
	94 93
	88 6
	89 5
	98 80
	18 17
	16 14
	95 67
	64 28
	57 55
	48 21
	21 19
	48 19
	22 18
	98 62

ITERACION: 92
	INTERCAMBIO: (61, 32)
	RECORRIDO: 93 13 72 45 63 10 52 33 22 79 94 29 2 98 7 41 90 5 62 26 36 16 73 70 44 83 86 12 57 19 51 30 82 31 15 48 96 8 77 6 60 14 38 80 66 81 76 56 85 28 1 37 42 74 18 47 25 58 69 20 9 24 4 68 53 3 49 32 65 11 35 39 27 64 59 78 91 89 23 54 95 55 87 97 61 99 88 43 75 40 71 34 84 92 21 50 46 67 17 
	COSTE (km): 4227
	ITERACIONES SIN MEJORA: 2
	LISTA TABU:
	93 92
	37 35
	91 16
	93 91
	95 94
	85 14
	84 6
	85 49
	97 40
	98 48
	86 49
	95 59
	48 14
	95 27
	91 27
	90 28
	31 29
	47 31
	98 28
	97 14
	86 85
	84 7
	84 27
	67 28
	69 28
	29 14
	98 70
	69 67
	95 91
	94 92
	97 96
	96 84
	19 18
	89 7
	97 95
	94 93
	88 6
	89 5
	98 80
	18 17
	16 14
	95 67
	64 28
	57 55
	48 21
	21 19
	48 19
	22 18
	98 62
	61 32

ITERACION: 93
	INTERCAMBIO: (60, 58)
	RECORRIDO: 93 13 72 45 63 10 52 33 22 79 94 29 2 98 7 41 90 5 62 26 36 16 73 70 44 83 86 12 57 19 51 30 82 31 15 48 96 8 77 6 60 14 38 80 66 81 76 56 85 28 1 37 42 74 18 47 25 58 9 20 69 24 4 68 53 3 49 32 65 11 35 39 27 64 59 78 91 89 23 54 95 55 87 97 61 99 88 43 75 40 71 34 84 92 21 50 46 67 17 
	COSTE (km): 4048
	ITERACIONES SIN MEJORA: 3
	LISTA TABU:
	37 35
	91 16
	93 91
	95 94
	85 14
	84 6
	85 49
	97 40
	98 48
	86 49
	95 59
	48 14
	95 27
	91 27
	90 28
	31 29
	47 31
	98 28
	97 14
	86 85
	84 7
	84 27
	67 28
	69 28
	29 14
	98 70
	69 67
	95 91
	94 92
	97 96
	96 84
	19 18
	89 7
	97 95
	94 93
	88 6
	89 5
	98 80
	18 17
	16 14
	95 67
	64 28
	57 55
	48 21
	21 19
	48 19
	22 18
	98 62
	61 32
	60 58

ITERACION: 94
	INTERCAMBIO: (93, 92)
	RECORRIDO: 93 13 72 45 63 10 52 33 22 79 94 29 2 98 7 41 90 5 62 26 36 16 73 70 44 83 86 12 57 19 51 30 82 31 15 48 96 8 77 6 60 14 38 80 66 81 76 56 85 28 1 37 42 74 18 47 25 58 9 20 69 24 4 68 53 3 49 32 65 11 35 39 27 64 59 78 91 89 23 54 95 55 87 97 61 99 88 43 75 40 71 34 92 84 21 50 46 67 17 
	COSTE (km): 3988
	ITERACIONES SIN MEJORA: 4
	LISTA TABU:
	91 16
	93 91
	95 94
	85 14
	84 6
	85 49
	97 40
	98 48
	86 49
	95 59
	48 14
	95 27
	91 27
	90 28
	31 29
	47 31
	98 28
	97 14
	86 85
	84 7
	84 27
	67 28
	69 28
	29 14
	98 70
	69 67
	95 91
	94 92
	97 96
	96 84
	19 18
	89 7
	97 95
	94 93
	88 6
	89 5
	98 80
	18 17
	16 14
	95 67
	64 28
	57 55
	48 21
	21 19
	48 19
	22 18
	98 62
	61 32
	60 58
	93 92

ITERACION: 95
	INTERCAMBIO: (92, 91)
	RECORRIDO: 93 13 72 45 63 10 52 33 22 79 94 29 2 98 7 41 90 5 62 26 36 16 73 70 44 83 86 12 57 19 51 30 82 31 15 48 96 8 77 6 60 14 38 80 66 81 76 56 85 28 1 37 42 74 18 47 25 58 9 20 69 24 4 68 53 3 49 32 65 11 35 39 27 64 59 78 91 89 23 54 95 55 87 97 61 99 88 43 75 40 71 92 34 84 21 50 46 67 17 
	COSTE (km): 4024
	ITERACIONES SIN MEJORA: 5
	LISTA TABU:
	93 91
	95 94
	85 14
	84 6
	85 49
	97 40
	98 48
	86 49
	95 59
	48 14
	95 27
	91 27
	90 28
	31 29
	47 31
	98 28
	97 14
	86 85
	84 7
	84 27
	67 28
	69 28
	29 14
	98 70
	69 67
	95 91
	94 92
	97 96
	96 84
	19 18
	89 7
	97 95
	94 93
	88 6
	89 5
	98 80
	18 17
	16 14
	95 67
	64 28
	57 55
	48 21
	21 19
	48 19
	22 18
	98 62
	61 32
	60 58
	93 92
	92 91

ITERACION: 96
	INTERCAMBIO: (93, 60)
	RECORRIDO: 93 13 72 45 63 10 52 33 22 79 94 29 2 98 7 41 90 5 62 26 36 16 73 70 44 83 86 12 57 19 51 30 82 31 15 48 96 8 77 6 60 14 38 80 66 81 76 56 85 28 1 37 42 74 18 47 25 58 9 20 84 24 4 68 53 3 49 32 65 11 35 39 27 64 59 78 91 89 23 54 95 55 87 97 61 99 88 43 75 40 71 92 34 69 21 50 46 67 17 
	COSTE (km): 3968
	ITERACIONES SIN MEJORA: 6
	LISTA TABU:
	95 94
	85 14
	84 6
	85 49
	97 40
	98 48
	86 49
	95 59
	48 14
	95 27
	91 27
	90 28
	31 29
	47 31
	98 28
	97 14
	86 85
	84 7
	84 27
	67 28
	69 28
	29 14
	98 70
	69 67
	95 91
	94 92
	97 96
	96 84
	19 18
	89 7
	97 95
	94 93
	88 6
	89 5
	98 80
	18 17
	16 14
	95 67
	64 28
	57 55
	48 21
	21 19
	48 19
	22 18
	98 62
	61 32
	60 58
	93 92
	92 91
	93 60

ITERACION: 97
	INTERCAMBIO: (66, 28)
	RECORRIDO: 93 13 72 45 63 10 52 33 22 79 94 29 2 98 7 41 90 5 62 26 36 16 73 70 44 83 86 12 49 19 51 30 82 31 15 48 96 8 77 6 60 14 38 80 66 81 76 56 85 28 1 37 42 74 18 47 25 58 9 20 84 24 4 68 53 3 57 32 65 11 35 39 27 64 59 78 91 89 23 54 95 55 87 97 61 99 88 43 75 40 71 92 34 69 21 50 46 67 17 
	COSTE (km): 4098
	ITERACIONES SIN MEJORA: 7
	LISTA TABU:
	85 14
	84 6
	85 49
	97 40
	98 48
	86 49
	95 59
	48 14
	95 27
	91 27
	90 28
	31 29
	47 31
	98 28
	97 14
	86 85
	84 7
	84 27
	67 28
	69 28
	29 14
	98 70
	69 67
	95 91
	94 92
	97 96
	96 84
	19 18
	89 7
	97 95
	94 93
	88 6
	89 5
	98 80
	18 17
	16 14
	95 67
	64 28
	57 55
	48 21
	21 19
	48 19
	22 18
	98 62
	61 32
	60 58
	93 92
	92 91
	93 60
	66 28

ITERACION: 98
	INTERCAMBIO: (95, 94)
	RECORRIDO: 93 13 72 45 63 10 52 33 22 79 94 29 2 98 7 41 90 5 62 26 36 16 73 70 44 83 86 12 49 19 51 30 82 31 15 48 96 8 77 6 60 14 38 80 66 81 76 56 85 28 1 37 42 74 18 47 25 58 9 20 84 24 4 68 53 3 57 32 65 11 35 39 27 64 59 78 91 89 23 54 95 55 87 97 61 99 88 43 75 40 71 92 34 69 50 21 46 67 17 
	COSTE (km): 4167
	ITERACIONES SIN MEJORA: 8
	LISTA TABU:
	84 6
	85 49
	97 40
	98 48
	86 49
	95 59
	48 14
	95 27
	91 27
	90 28
	31 29
	47 31
	98 28
	97 14
	86 85
	84 7
	84 27
	67 28
	69 28
	29 14
	98 70
	69 67
	95 91
	94 92
	97 96
	96 84
	19 18
	89 7
	97 95
	94 93
	88 6
	89 5
	98 80
	18 17
	16 14
	95 67
	64 28
	57 55
	48 21
	21 19
	48 19
	22 18
	98 62
	61 32
	60 58
	93 92
	92 91
	93 60
	66 28
	95 94

ITERACION: 99
	INTERCAMBIO: (94, 57)
	RECORRIDO: 93 13 72 45 63 10 52 33 22 79 94 29 2 98 7 41 90 5 62 26 36 16 73 70 44 83 86 12 49 19 51 30 82 31 15 48 96 8 77 6 60 14 38 80 66 81 76 56 85 28 1 37 42 74 18 47 25 50 9 20 84 24 4 68 53 3 57 32 65 11 35 39 27 64 59 78 91 89 23 54 95 55 87 97 61 99 88 43 75 40 71 92 34 69 58 21 46 67 17 
	COSTE (km): 4204
	ITERACIONES SIN MEJORA: 9
	LISTA TABU:
	85 49
	97 40
	98 48
	86 49
	95 59
	48 14
	95 27
	91 27
	90 28
	31 29
	47 31
	98 28
	97 14
	86 85
	84 7
	84 27
	67 28
	69 28
	29 14
	98 70
	69 67
	95 91
	94 92
	97 96
	96 84
	19 18
	89 7
	97 95
	94 93
	88 6
	89 5
	98 80
	18 17
	16 14
	95 67
	64 28
	57 55
	48 21
	21 19
	48 19
	22 18
	98 62
	61 32
	60 58
	93 92
	92 91
	93 60
	66 28
	95 94
	94 57

ITERACION: 100
	INTERCAMBIO: (75, 35)
	RECORRIDO: 93 13 72 45 63 10 52 33 22 79 94 29 2 98 7 41 90 5 62 26 36 16 73 70 44 83 86 12 49 19 51 30 82 31 15 78 96 8 77 6 60 14 38 80 66 81 76 56 85 28 1 37 42 74 18 47 25 50 9 20 84 24 4 68 53 3 57 32 65 11 35 39 27 64 59 48 91 89 23 54 95 55 87 97 61 99 88 43 75 40 71 92 34 69 58 21 46 67 17 
	COSTE (km): 4366
	ITERACIONES SIN MEJORA: 10
	LISTA TABU:
	97 40
	98 48
	86 49
	95 59
	48 14
	95 27
	91 27
	90 28
	31 29
	47 31
	98 28
	97 14
	86 85
	84 7
	84 27
	67 28
	69 28
	29 14
	98 70
	69 67
	95 91
	94 92
	97 96
	96 84
	19 18
	89 7
	97 95
	94 93
	88 6
	89 5
	98 80
	18 17
	16 14
	95 67
	64 28
	57 55
	48 21
	21 19
	48 19
	22 18
	98 62
	61 32
	60 58
	93 92
	92 91
	93 60
	66 28
	95 94
	94 57
	75 35
