126
418	155
691	384	585
956	268	987	458
294	37	177	268	670
268	943	943	353	566	586
883	355	348	256	313	127	748
222	932	305	67	901	239	941	417
767	252	357	371	760	952	846	44	349
521	708	459	525	699	141	437	453	84	83
988	388	293	687	67	609	611	166	810	562	280
117	546	395	631	653	98	352	335	968	777	247	309
990	926	569	337	395	93	132	782	532	904	519	458	607
578	795	122	891	474	221	709	385	245	670	584	282	846	380
609	821	915	59	955	267	299	555	466	120	887	559	789	852	224
233	222	771	81	281	253	625	499	762	471	337	748	177	726	273	854
144	571	817	322	380	764	512	585	985	62	225	341	345	990	501	312	585
964	476	428	854	573	119	48	171	663	541	298	756	260	73	600	380	928	500
814	827	626	973	624	624	901	434	265	81	976	52	989	568	67	186	547	340	260
419	242	699	778	582	519	37	183	355	10	926	482	390	866	163	942	590	314	519	815
776	471	50	141	238	93	690	455	572	663	296	514	206	734	774	82	559	411	100	561	878
198	621	468	121	271	360	662	649	865	514	711	917	121	343	148	228	49	880	794	508	536	218
484	473	956	671	299	855	945	47	480	689	271	415	130	423	632	193	242	142	205	568	827	649	129
737	908	599	914	27	810	176	353	372	437	741	846	110	298	64	517	679	898	495	194	236	514	481	220
647	578	287	473	210	152	654	129	885	226	543	932	704	86	497	351	208	550	747	892	82	933	42	157	935
730	300	698	283	394	27	563	279	738	998	330	711	46	450	853	677	663	872	428	683	32	501	576	642	426	467
305	297	569	494	139	443	907	29	622	652	880	556	605	987	118	522	459	232	706	597	346	535	491	416	875	850	988
321	19	474	749	331	645	538	618	764	934	674	92	773	478	719	58	310	927	982	472	984	731	315	574	706	365	478	600
760	199	30	555	114	966	880	683	440	212	178	508	520	514	458	620	649	46	576	757	150	247	694	820	180	373	510	407	162
599	705	586	371	480	643	415	765	529	259	529	562	800	996	111	926	616	907	975	914	382	522	899	971	40	688	359	479	367	487
978	733	485	911	978	432	607	292	736	551	212	856	418	921	529	8	336	993	559	188	708	751	436	237	38	726	834	558	909	716	728
835	443	879	939	934	391	819	11	729	150	842	843	832	881	797	79	604	682	729	843	918	891	488	199	367	563	871	76	379	950	772	598
146	975	926	128	221	192	717	575	9	873	282	820	404	801	879	905	339	405	77	154	414	564	10	446	218	175	128	217	888	872	977	957	969
913	107	750	999	506	467	741	454	855	514	501	606	80	536	360	918	360	167	360	132	827	165	779	260	880	589	465	916	689	797	525	515	160	570
709	72	929	695	131	474	21	617	332	561	23	58	537	900	580	550	605	255	294	94	467	662	607	744	49	627	100	705	624	759	216	638	918	439	163
371	683	375	757	956	641	321	621	464	120	48	858	272	450	181	579	22	824	654	920	796	414	812	905	185	210	1	371	391	853	456	676	289	911	171	583
444	56	414	562	949	293	289	739	501	534	540	501	298	137	738	111	997	60	230	651	715	708	654	484	404	576	822	126	136	726	317	620	666	505	758	359	567
345	395	50	128	960	856	338	680	897	247	636	218	725	352	14	121	129	525	732	612	281	276	600	494	365	702	718	444	137	613	697	92	948	13	799	931	634	119
390	773	741	262	704	498	699	413	800	628	610	874	774	741	864	482	386	662	911	216	60	633	737	834	441	437	765	5	814	668	377	204	631	852	213	93	684	84	9
807	272	62	110	497	817	254	76	876	601	664	308	895	665	46	714	126	823	56	912	28	433	628	841	514	984	783	790	797	858	790	492	701	781	470	800	453	549	611	495
122	435	875	219	294	906	382	1	720	169	828	188	976	976	599	847	17	829	366	324	329	674	209	502	76	556	468	407	480	619	495	972	47	312	51	407	624	544	445	211	466
910	408	781	470	265	617	635	817	626	108	446	759	998	999	642	702	76	716	131	412	838	806	484	241	613	177	565	953	577	532	495	840	676	810	776	361	744	39	345	665	362	852
903	557	90	776	474	783	581	524	355	880	81	227	294	79	889	986	493	579	220	403	278	852	626	227	585	287	138	35	146	611	199	72	135	87	926	981	188	464	803	719	717	977	114
435	680	703	922	309	203	72	597	528	420	204	748	570	326	94	248	739	551	750	493	170	897	298	716	898	648	725	502	931	302	79	541	217	299	387	310	84	235	897	190	397	646	629	985
484	889	787	316	803	343	947	846	235	583	457	223	125	324	592	112	427	111	479	737	835	876	829	738	361	205	444	286	611	451	949	195	33	249	838	367	162	408	711	139	24	25	329	381	388
902	203	780	412	422	615	689	510	697	170	127	346	980	876	23	677	237	878	322	935	41	283	408	555	831	227	97	157	694	106	641	828	970	618	922	336	60	36	145	568	351	139	715	147	69	403
966	92	597	454	76	259	534	845	470	282	71	356	452	581	515	325	303	842	18	667	524	605	435	738	999	11	106	619	626	59	571	204	661	380	991	129	426	209	693	75	679	176	204	451	972	791	848
538	393	723	619	536	321	803	77	778	573	389	272	311	737	52	1	695	922	714	21	96	617	479	953	854	252	341	460	202	790	575	514	994	667	608	229	545	544	612	861	994	100	74	266	381	465	80	900
859	909	875	80	198	538	688	713	416	45	934	219	95	68	306	523	68	942	160	36	228	994	512	141	877	847	372	969	467	374	544	639	9	245	909	898	237	303	528	310	408	731	348	441	180	611	127	210	908
357	664	996	995	847	906	56	338	360	42	98	756	474	750	34	733	707	874	565	870	655	186	327	288	943	302	105	485	586	579	736	511	654	237	51	305	587	185	847	844	792	78	848	779	768	396	217	385	65	884
509	516	195	724	488	256	702	820	262	702	839	415	850	475	724	509	597	93	85	18	834	602	800	142	280	332	647	892	756	36	21	80	470	707	428	298	363	376	901	792	59	661	351	213	758	35	670	433	948	980	836
345	151	687	78	458	710	347	195	569	491	13	451	457	899	486	242	463	610	995	882	372	681	298	766	139	160	771	464	931	973	260	943	265	13	270	356	328	330	636	619	210	73	137	817	316	879	997	560	512	633	155	178
916	278	855	58	416	864	944	574	657	817	204	396	17	822	961	279	988	284	685	450	458	916	998	907	319	500	814	153	698	661	194	26	841	760	530	222	958	213	735	116	419	140	769	540	947	88	325	375	618	318	594	964	540
771	896	58	854	699	520	439	437	242	332	178	264	662	757	850	713	20	598	449	476	999	633	264	75	493	784	371	322	323	843	884	616	549	301	757	621	806	304	816	501	842	229	30	958	928	951	712	672	870	487	168	555	276	604
593	96	424	404	592	871	425	7	320	744	527	430	389	824	742	442	673	792	326	341	191	435	139	295	941	342	233	98	890	835	265	407	217	336	640	295	494	205	581	852	44	3	446	569	243	62	736	379	50	570	858	640	71	616	679
106	322	991	331	828	570	867	477	236	394	626	391	741	763	438	286	74	656	354	457	578	876	57	745	784	929	83	596	561	161	466	255	988	286	650	242	198	140	981	1000	575	80	296	481	1000	599	941	284	365	888	481	825	450	996	896	311
694	874	169	87	807	587	717	520	732	719	479	831	14	128	694	586	676	523	641	2	155	272	781	695	34	445	978	64	143	591	152	201	17	245	86	865	48	594	591	261	908	638	828	449	808	734	839	876	703	473	626	864	129	731	788	727	394
298	903	401	925	880	728	63	16	130	121	5	594	115	627	591	731	243	108	196	131	223	190	543	676	271	23	978	967	890	791	765	971	596	512	546	242	330	771	45	876	301	415	213	778	936	298	245	648	797	653	134	360	970	655	478	277	699	494
234	242	459	708	324	877	580	468	971	614	139	729	211	124	566	269	965	921	819	713	597	234	810	325	807	55	111	740	728	196	552	838	523	501	822	757	710	101	407	589	241	429	406	884	460	783	638	289	118	545	191	113	386	290	273	333	498	769	31
681	836	878	878	665	839	7	266	447	90	847	615	316	622	14	734	215	30	760	93	414	745	865	96	871	686	450	867	683	111	398	852	842	408	911	234	955	515	570	383	399	4	438	232	735	738	435	146	747	208	832	823	834	657	583	145	409	398	563	706
769	905	182	322	178	697	695	630	494	195	498	667	129	607	274	216	38	878	237	481	659	422	399	354	203	439	222	197	496	747	845	519	957	86	277	724	695	208	471	631	604	655	850	989	714	417	224	409	617	626	566	715	805	98	632	522	370	135	492	230	197
450	612	249	275	262	14	495	17	764	924	476	939	357	875	657	812	375	219	214	677	991	115	186	140	500	439	63	147	948	518	411	673	873	261	771	601	867	867	136	387	926	301	515	94	314	792	933	568	728	903	230	679	76	811	157	791	169	76	821	843	938	330
377	383	944	762	457	543	733	786	351	284	7	420	114	855	490	617	933	692	554	619	619	981	503	632	891	316	652	553	30	576	301	740	830	96	960	962	691	286	943	524	979	540	300	838	243	4	914	629	739	805	757	383	767	430	858	625	717	938	721	152	246	779	899
392	894	794	610	679	562	620	862	968	753	877	353	908	631	773	815	3	251	420	308	301	584	175	400	126	610	808	4	551	109	297	180	705	934	867	229	529	196	245	308	621	809	888	80	528	313	983	56	621	91	826	910	183	510	414	200	91	913	566	30	213	978	605	975
695	812	19	786	158	22	31	183	790	560	974	33	735	232	349	755	727	483	428	913	528	772	269	963	459	713	140	610	322	467	68	12	67	550	130	418	124	359	324	39	303	277	855	456	700	792	345	273	964	207	65	72	359	263	869	597	200	115	44	121	705	865	983	427	996
479	96	392	905	586	22	446	775	777	914	267	918	157	391	115	824	105	124	414	610	302	721	368	585	475	588	689	283	208	938	677	904	727	952	301	814	482	862	205	291	482	392	391	262	735	674	531	635	982	807	368	60	489	318	337	557	343	880	478	167	716	951	960	250	694	626
679	73	922	489	754	944	175	561	161	853	259	715	296	364	261	444	666	23	121	739	138	708	649	830	371	707	906	388	96	696	622	706	93	445	48	843	894	38	278	268	335	272	727	361	492	175	35	480	133	943	730	140	318	643	373	746	759	378	951	998	993	817	276	802	728	212	555
154	445	770	228	60	227	363	942	263	484	811	702	106	589	294	606	438	8	83	246	709	616	320	29	76	260	73	382	131	152	571	349	718	431	911	56	997	645	256	224	388	274	674	778	800	508	343	506	331	137	157	822	541	38	926	929	347	597	549	577	517	740	777	212	401	95	957	605
395	144	118	796	616	973	413	156	93	722	588	560	437	223	138	512	343	599	732	980	31	197	720	279	170	117	386	931	399	427	462	772	690	708	62	502	590	100	292	97	184	252	708	227	262	526	392	307	718	503	200	338	451	469	576	183	323	57	33	909	374	327	380	312	706	431	239	258	88
974	66	388	477	401	132	482	822	583	871	242	508	325	575	118	242	159	74	544	494	130	93	621	119	951	602	726	194	752	593	788	775	257	200	695	439	652	299	783	829	606	386	450	904	10	145	24	657	445	689	21	187	989	532	410	410	41	523	93	386	443	768	574	570	938	886	752	107	562	396
918	914	487	748	268	571	161	255	567	801	679	135	205	433	851	85	804	894	244	907	364	724	569	705	851	923	888	622	642	157	349	241	211	59	62	975	228	174	574	211	255	163	215	602	834	660	205	376	865	946	487	361	812	982	562	391	895	628	112	337	162	604	555	982	963	745	831	832	689	205	366
508	944	133	138	689	472	681	579	811	223	471	556	62	16	861	420	735	180	778	25	399	555	545	549	928	450	966	929	862	255	234	9	331	782	882	701	860	305	994	826	946	872	559	765	368	4	428	448	255	427	303	699	998	142	511	570	558	901	503	454	613	67	795	588	485	176	867	422	172	126	789	943
347	378	41	89	823	345	966	296	495	85	80	578	165	560	508	751	3	988	344	873	884	124	67	800	361	532	25	543	744	154	808	581	102	121	497	712	999	383	460	91	88	379	221	317	237	568	593	376	226	513	479	709	965	389	45	837	225	849	272	100	808	583	153	218	702	281	908	334	969	101	42	215	87
885	856	553	243	214	896	760	844	518	466	372	206	409	768	796	880	299	681	30	583	666	330	280	972	985	865	471	556	772	281	752	101	590	852	931	442	472	458	51	885	661	901	13	297	866	146	422	900	137	706	315	414	393	908	683	402	211	629	730	493	85	139	210	430	714	957	610	280	989	274	884	365	993	426
715	578	727	570	450	488	181	492	456	312	480	239	145	270	70	661	455	15	720	635	348	193	613	175	184	47	872	668	837	101	709	744	777	953	308	985	593	272	881	609	34	482	63	36	234	966	184	639	493	672	956	390	445	357	239	564	191	801	918	537	45	867	723	807	248	965	402	656	657	492	560	853	60	949	405
602	428	611	331	745	835	47	760	424	73	56	497	259	31	484	848	982	681	698	594	265	587	871	454	520	88	260	736	598	253	686	472	762	538	104	872	509	220	963	93	304	549	726	331	707	319	969	805	684	909	168	480	745	352	770	950	63	82	126	669	775	147	550	688	220	256	141	308	697	894	541	688	276	526	792	526
864	582	382	153	978	674	19	213	16	489	273	518	760	369	728	6	564	801	211	570	956	21	143	912	518	539	890	333	812	702	820	120	866	24	369	760	837	834	873	813	616	555	639	292	369	738	834	200	692	692	561	811	953	371	338	917	942	253	278	20	106	929	533	900	705	251	430	142	745	333	469	929	268	439	173	997	508
466	282	998	942	70	904	186	644	382	680	442	81	719	734	788	15	56	33	92	861	880	497	402	193	494	619	164	32	676	57	615	773	866	937	125	127	890	202	532	880	98	125	544	487	38	236	831	285	882	914	467	300	909	333	717	584	771	270	895	87	572	398	952	584	338	379	549	616	834	631	914	483	15	257	909	622	660	835
51	422	556	57	820	998	306	336	653	713	157	329	32	299	705	171	167	16	590	132	29	323	13	606	570	342	760	405	701	141	270	52	722	304	266	512	734	402	187	481	177	93	41	187	152	655	264	890	109	64	953	296	221	742	439	985	50	705	119	550	588	933	892	511	303	911	18	461	440	908	8	7	677	578	277	388	441	404	300
328	695	216	131	84	278	355	277	613	700	82	688	769	175	765	947	460	614	878	98	146	382	562	965	465	980	142	67	315	870	145	681	42	780	851	134	911	142	2	490	346	405	747	839	773	565	808	229	353	149	854	943	263	179	69	353	185	231	928	81	477	494	530	732	238	207	35	872	324	50	221	661	761	529	335	222	880	805	478	535
447	614	351	946	589	115	616	787	513	76	391	543	790	484	123	553	295	467	625	291	723	23	592	665	241	642	222	666	191	224	892	348	266	508	779	156	156	879	294	474	246	998	420	192	912	536	587	208	507	52	717	332	704	182	988	188	141	322	110	221	54	676	86	524	198	370	31	168	357	947	751	820	95	920	336	136	5	411	64	191	866
162	70	153	204	487	795	534	873	428	24	644	654	648	555	541	393	735	1	619	714	994	404	21	891	933	880	827	452	839	509	85	62	565	782	281	717	779	79	288	200	865	398	301	649	653	163	93	551	442	364	703	790	245	599	275	285	675	621	932	27	593	682	648	651	169	122	213	211	329	778	566	864	548	581	449	8	278	179	46	245	690	674
690	371	887	883	794	181	783	619	534	506	338	341	946	823	431	275	233	519	346	482	497	905	480	244	647	413	694	669	89	24	839	689	265	490	438	380	528	295	524	166	854	811	516	73	5	769	75	342	397	394	772	510	713	612	566	681	279	685	218	676	970	986	261	695	484	446	82	210	547	742	683	743	762	797	915	390	908	898	126	46	261	818	790
689	380	660	524	905	401	235	147	139	904	614	548	146	833	462	979	120	739	855	686	16	218	760	979	129	308	608	636	578	980	415	177	826	302	41	184	260	483	125	413	478	940	386	43	383	906	507	444	452	700	657	176	783	802	329	457	881	431	345	308	814	357	492	708	857	742	351	428	493	710	467	682	186	836	166	705	844	189	106	573	283	478	758	324
638	275	679	540	365	110	831	736	639	76	529	539	976	627	972	712	94	67	954	207	88	592	756	663	891	861	835	250	17	673	567	939	688	559	677	954	30	495	79	707	396	411	595	793	49	839	848	976	12	148	790	793	76	778	13	28	4	37	627	192	713	689	775	46	104	187	143	381	205	471	826	438	284	116	118	332	234	288	770	601	726	962	497	769	673
900	998	766	540	746	505	578	782	426	442	370	889	10	946	698	831	517	541	903	24	424	27	605	353	329	735	335	204	848	411	695	752	946	805	16	273	901	691	9	662	290	430	447	505	436	887	386	802	881	668	387	3	511	780	61	32	281	529	513	866	23	213	915	55	103	62	364	965	447	508	161	103	551	914	866	815	721	44	658	26	202	230	770	51	226	545
269	99	603	464	502	467	29	419	459	978	83	69	97	109	307	726	748	725	914	693	492	827	298	438	650	697	910	127	60	684	891	63	174	293	928	418	101	254	688	941	384	323	145	32	694	69	951	813	902	542	692	761	586	706	76	2	490	184	37	570	219	590	870	465	657	596	249	833	525	911	981	413	46	617	64	729	410	950	715	512	463	907	985	104	515	157	369
668	293	915	478	877	570	617	665	618	747	959	745	312	563	974	895	81	577	149	268	864	241	556	477	635	395	439	993	402	754	469	226	428	376	803	775	85	627	862	611	758	543	952	66	42	143	908	956	77	979	678	460	21	914	197	852	372	88	488	342	135	659	405	785	26	538	231	148	973	507	954	442	980	464	261	891	462	34	254	530	44	838	128	462	405	427	98	9
442	467	319	345	544	121	664	729	592	476	916	556	21	881	872	210	25	175	229	784	764	686	943	36	484	534	962	330	446	462	969	529	766	190	473	378	836	473	539	23	783	110	326	425	741	351	904	941	127	345	378	346	989	387	532	819	513	230	984	695	473	612	853	99	842	102	297	688	295	739	919	687	275	589	805	94	397	36	550	901	379	445	386	971	129	735	125	989	218
464	153	448	923	843	15	212	320	343	365	404	481	382	538	129	102	347	165	797	800	89	505	97	201	249	663	933	226	418	151	393	588	145	540	63	255	477	145	573	897	323	4	610	955	693	562	649	393	113	185	716	949	104	365	334	930	519	807	313	388	415	263	87	677	465	755	214	80	998	49	98	470	795	875	323	667	523	872	261	891	50	57	894	39	818	501	739	983	458	603
262	722	494	729	680	642	418	409	788	120	155	218	902	211	27	175	93	681	143	425	617	97	678	934	663	387	944	722	95	56	776	433	789	409	770	957	465	248	399	292	456	607	633	776	820	201	488	610	54	565	580	408	261	247	826	180	59	158	689	365	136	582	437	827	834	826	548	595	782	984	602	478	362	591	881	600	428	82	33	899	290	234	933	255	701	550	989	76	831	49	755
799	567	464	638	418	113	274	253	924	199	248	448	198	254	251	545	87	957	233	543	206	377	927	109	530	64	562	872	843	838	597	291	386	234	140	339	107	786	197	565	504	567	138	194	238	337	429	384	258	40	863	754	215	884	382	565	304	417	904	487	125	34	585	121	565	534	484	413	360	591	100	87	596	248	268	686	977	496	704	794	168	197	134	872	30	765	731	496	887	757	144	781
33	324	66	291	648	310	642	632	658	743	209	656	964	2	107	235	228	984	457	249	335	258	948	59	869	597	374	16	541	461	619	605	540	304	314	848	394	948	583	686	443	278	653	424	257	521	276	170	556	71	172	960	599	381	325	597	35	921	592	176	46	507	131	149	822	216	306	577	157	517	380	45	79	859	705	895	580	583	194	852	243	890	7	933	593	471	308	519	123	669	119	654	573
874	239	633	909	580	583	61	811	805	837	353	458	669	345	219	126	989	51	64	480	868	793	612	431	849	436	296	220	267	41	386	275	299	722	903	912	282	887	515	803	495	612	305	786	451	614	927	919	945	264	706	382	317	471	841	323	429	733	412	582	520	395	775	872	478	550	523	429	190	544	92	124	754	330	110	672	289	901	131	13	802	560	163	419	110	925	558	373	245	735	209	234	151	149
209	697	505	796	438	225	974	248	694	383	907	872	894	342	417	572	661	964	597	654	580	685	586	469	334	565	569	259	213	816	54	873	718	4	992	189	332	204	144	69	619	810	101	428	555	165	776	936	933	74	128	600	196	291	51	103	345	719	906	800	896	742	390	391	672	777	973	715	330	486	551	343	550	882	179	893	851	330	276	264	350	754	94	695	876	135	242	411	609	486	68	498	281	873	792
748	76	568	610	196	482	235	423	6	995	519	578	883	392	646	928	350	547	861	316	260	855	368	672	905	248	184	911	58	852	309	729	907	992	534	74	857	934	209	358	345	152	276	859	808	827	843	892	1	29	877	435	87	547	367	108	748	971	840	399	145	155	525	61	485	284	533	953	804	194	825	36	885	401	816	993	852	923	97	529	942	908	321	780	17	913	476	289	308	330	960	274	863	364	962	453
537	842	729	110	93	570	422	694	127	118	840	130	326	650	986	123	936	874	119	619	810	57	855	351	373	955	965	409	173	608	918	347	511	990	146	95	596	179	470	864	438	425	539	88	186	723	46	977	769	534	866	279	595	940	588	246	251	880	961	970	512	43	95	453	632	822	333	927	41	467	347	857	17	723	768	197	532	286	376	392	785	649	80	896	204	481	984	6	481	665	849	527	181	92	375	150	327
19	674	24	138	655	857	318	9	707	959	644	508	956	387	360	865	540	592	216	34	396	923	278	386	994	607	746	947	364	440	380	505	337	438	726	958	131	752	611	926	80	507	248	281	7	472	703	100	633	892	993	647	704	31	977	94	373	250	958	778	937	893	514	527	705	54	924	425	657	285	782	389	217	423	957	610	945	38	486	300	597	924	841	437	203	877	992	273	522	462	96	744	152	725	318	249	838	764
98	230	88	706	603	32	906	815	324	697	419	706	819	160	399	158	915	596	945	429	722	609	499	689	881	430	228	759	96	692	530	142	234	365	432	670	798	199	986	616	774	591	762	280	576	94	682	167	898	348	627	134	245	834	574	797	929	486	644	706	490	4	533	947	768	875	308	899	493	297	568	199	376	693	491	165	814	530	420	73	260	87	577	698	665	682	733	64	32	226	652	655	770	326	323	364	596	828	518
