4
523	438
427	986	839
758	124	492	505
311	86	656	667	394
831	478	607	422	506	435
621	501	675	92	461	924	17
449	516	750	630	46	882	529	129
991	544	443	771	495	748	828	308	333
546	816	630	801	651	897	682	559	932	160
181	341	823	402	488	315	328	348	628	504	746
833	239	253	709	253	156	485	368	423	340	884	667
148	22	852	643	298	10	350	710	97	708	88	439	343
472	627	669	306	138	371	837	731	474	589	741	556	301	717
486	17	335	201	240	619	117	691	147	760	279	851	28	937	936
359	480	336	570	568	342	549	937	233	706	697	503	774	875	277	881
841	269	758	324	444	730	901	913	832	934	132	839	150	767	544	702	819
508	896	676	526	306	360	724	38	200	280	719	841	316	392	645	284	973	933
994	764	242	233	368	17	497	983	209	411	940	246	926	121	53	991	559	760	196
706	315	195	432	131	988	396	619	148	268	883	936	893	204	19	477	497	174	685	212
124	466	380	653	784	67	109	657	595	247	77	322	637	591	26	90	94	252	466	7	470
335	82	212	980	123	249	75	147	962	454	889	15	157	433	287	817	357	732	176	829	130	849
88	239	128	386	539	604	895	900	542	855	810	55	828	191	837	850	817	124	579	165	488	634	294
407	298	795	5	678	855	611	275	894	130	290	137	715	468	886	697	615	140	349	427	847	422	859	987
745	660	250	829	365	432	395	980	545	643	45	835	536	779	3	214	378	691	344	880	434	461	449	964	766
961	273	74	928	776	946	659	826	841	646	755	680	251	556	215	367	520	430	664	595	348	690	436	472	843	890
129	333	916	693	331	233	579	837	947	35	954	347	120	449	782	734	762	485	594	301	606	876	307	233	408	377	919
717	206	11	403	324	287	440	222	238	214	556	245	736	741	352	116	286	462	396	675	777	777	670	683	905	814	239	261
384	340	134	172	462	184	913	395	65	53	425	342	433	962	811	223	42	234	320	117	692	411	283	312	418	771	493	43	90
680	174	377	911	841	610	304	264	882	331	554	12	252	162	137	71	86	469	770	203	403	47	410	767	478	603	480	475	802	792
143	154	839	429	410	646	852	616	283	326	179	987	696	320	673	349	457	436	288	200	350	246	326	562	545	581	663	799	44	334	224
654	435	127	774	754	901	431	491	697	819	631	41	376	382	171	12	6	185	792	755	811	370	578	759	73	50	262	156	46	230	704	896
877	999	571	633	710	846	819	968	895	128	324	477	433	294	588	323	367	901	352	284	182	718	188	117	838	742	857	611	194	540	471	457	232
449	435	283	968	198	615	200	615	294	353	411	141	517	796	202	351	747	715	949	957	518	32	220	31	37	699	772	979	38	909	250	554	346	4
257	839	634	87	972	978	586	791	968	611	414	952	513	773	679	927	669	655	224	806	245	235	772	44	580	146	240	874	301	207	848	94	764	143	963
713	467	186	154	351	447	641	659	441	951	991	833	24	425	344	702	829	725	703	260	719	982	173	951	64	628	699	226	760	149	526	890	679	327	170	322
433	354	785	453	774	92	435	174	756	353	697	17	379	550	467	640	76	425	179	494	131	408	983	317	947	41	428	99	787	398	508	328	578	938	982	656	116
550	420	942	826	820	780	208	703	84	87	9	658	365	113	448	553	838	970	278	17	201	992	658	442	614	658	313	831	137	934	13	86	821	741	507	734	169	300
383	647	234	486	560	282	321	772	484	39	391	247	628	829	553	470	767	240	277	329	352	413	300	446	401	80	181	461	512	347	993	90	235	209	370	996	634	209	925
202	114	641	490	127	103	897	74	89	293	537	652	132	439	803	459	420	402	160	982	981	4	399	759	877	672	131	578	365	296	227	229	256	533	834	938	927	65	14	639
613	547	325	357	515	405	925	284	403	513	134	98	478	480	631	20	361	210	516	457	179	156	721	515	314	167	256	264	104	489	515	348	797	172	602	627	129	629	214	645	609
420	310	459	383	213	824	200	284	656	697	503	806	585	183	160	388	28	464	212	634	361	247	864	655	964	820	312	495	730	515	775	565	402	389	773	270	795	402	543	587	64	991
134	380	88	4	128	228	395	193	465	560	60	354	581	400	889	744	642	897	197	348	649	171	800	611	511	444	8	979	837	32	884	427	157	367	663	755	409	559	1000	981	387	88	900
478	381	316	124	877	850	344	471	429	680	575	662	701	435	202	411	510	702	729	333	101	311	323	314	924	382	119	751	981	304	477	63	339	240	313	55	215	874	419	750	72	328	581	370
541	967	429	651	415	337	315	104	998	292	734	662	10	91	820	565	172	399	382	647	433	275	567	118	252	885	681	835	614	352	271	408	98	321	403	597	217	671	168	312	840	903	794	340	453
271	571	161	924	743	864	174	9	488	767	534	567	937	841	741	775	532	759	219	486	697	477	333	853	947	914	990	917	799	345	602	398	554	428	147	100	937	960	251	46	619	511	780	442	102	882
559	198	921	972	311	138	203	740	758	653	76	253	360	959	280	584	407	825	948	663	731	77	893	308	113	839	588	970	771	926	142	27	856	480	316	722	8	261	251	978	141	247	231	328	946	436	241
436	885	32	694	836	921	73	937	289	634	453	169	936	407	544	914	112	258	667	752	641	505	171	529	606	268	79	705	353	836	969	723	995	177	741	101	118	730	554	140	788	568	61	400	114	830	86	199
946	750	591	877	917	191	507	521	830	950	82	25	492	717	95	58	712	145	96	443	713	629	235	744	644	94	260	260	25	823	457	505	184	689	672	735	182	502	458	708	222	381	932	582	836	433	239	56	260
613	239	378	468	154	659	680	561	214	107	103	360	139	25	102	751	370	99	879	2	773	560	692	664	769	538	147	613	918	902	447	181	733	473	33	601	20	682	504	894	126	47	424	394	43	225	386	776	878	598
724	644	173	701	641	234	669	158	300	715	903	726	118	153	456	929	359	148	753	217	979	261	36	868	115	686	690	44	625	951	481	892	918	161	277	870	135	933	67	508	967	905	567	380	955	270	534	840	13	694	204
314	9	290	216	3	783	289	192	944	85	632	436	266	617	157	823	309	600	203	726	875	735	768	802	144	863	959	412	423	334	103	32	975	251	75	722	763	204	1	205	871	595	808	21	31	859	741	695	515	920	245	355
747	138	735	560	109	539	695	649	223	285	141	19	240	716	723	746	423	411	918	538	428	149	657	626	469	72	525	612	420	186	707	993	316	363	856	272	953	728	639	424	356	463	98	70	483	935	482	830	680	129	957	248	653
883	819	256	156	567	820	957	870	994	635	836	795	684	551	451	259	396	589	146	176	213	892	76	131	299	211	747	66	879	394	493	216	667	266	50	139	486	177	599	300	719	562	157	342	130	247	830	236	930	867	468	853	217	137
929	657	573	86	643	363	126	305	980	826	606	344	2	765	28	997	731	810	41	345	576	703	961	568	633	147	165	147	388	385	880	39	650	60	245	949	102	820	932	721	842	909	238	129	13	671	212	324	495	353	580	540	77	234	814
105	655	60	859	866	21	467	754	192	803	313	653	127	835	971	605	239	940	859	158	809	71	33	167	346	999	598	108	283	941	664	806	902	321	57	655	326	476	234	50	81	14	352	405	754	184	364	289	631	411	407	914	405	278	341	541
252	435	234	94	487	463	636	976	716	358	778	633	575	671	920	460	568	590	961	354	844	169	490	103	850	584	322	438	127	189	680	434	382	565	845	754	305	890	317	527	451	127	654	509	988	27	284	483	47	622	585	338	466	7	944	248	5
592	338	120	596	971	53	14	669	666	544	52	922	398	372	721	322	360	639	133	485	408	718	507	703	260	810	346	366	837	826	222	887	67	657	764	591	495	294	907	638	473	701	676	116	669	393	531	510	322	212	463	459	895	11	386	413	447	249
938	612	611	151	943	455	295	451	102	768	39	244	379	214	959	180	528	46	985	413	620	266	382	143	55	483	248	13	69	789	882	246	147	618	624	944	874	608	704	98	20	985	807	793	9	957	241	236	536	397	412	480	352	822	833	69	400	418	638
925	388	125	102	883	12	267	82	524	510	263	208	221	196	343	306	55	741	34	893	287	516	542	478	725	201	59	918	57	882	796	302	219	317	76	293	802	213	872	46	685	904	185	917	586	519	571	849	674	545	612	146	645	34	431	887	357	773	520	557
957	526	826	48	762	863	477	316	822	503	112	264	927	774	477	257	856	726	895	581	58	588	892	696	167	372	686	464	271	155	573	849	82	277	765	968	144	845	18	118	488	568	193	970	549	390	347	478	415	506	586	437	552	576	834	722	323	527	523	937	642
351	824	645	700	258	633	880	422	999	256	473	517	349	420	675	942	756	243	219	538	323	797	962	299	296	741	893	176	248	126	919	54	139	802	853	330	857	259	23	865	600	689	63	624	523	258	445	121	352	773	36	941	344	843	987	547	424	835	428	55	272	825
405	355	908	815	712	19	256	368	50	214	933	715	489	470	127	982	68	406	27	500	745	279	472	232	528	939	551	478	616	151	517	380	863	96	850	610	853	628	990	305	374	137	572	369	558	513	197	714	139	139	503	366	47	785	583	618	650	828	684	746	839	76	493
209	374	547	217	73	23	277	10	187	812	163	633	677	179	985	655	108	698	50	127	288	904	779	17	303	142	488	627	237	938	566	424	966	606	152	601	872	537	707	891	923	231	462	461	20	190	340	482	445	310	502	490	189	572	359	917	826	126	230	396	308	597	173	854
791	713	303	691	787	362	759	514	163	373	286	400	464	1	718	330	863	628	823	63	866	36	747	747	259	899	604	693	853	160	714	806	130	353	315	569	797	102	390	850	942	307	533	187	744	116	527	708	472	327	122	250	689	577	609	40	327	580	100	795	442	135	617	275	684
202	822	477	83	65	916	605	665	29	65	199	431	126	266	665	5	416	349	420	483	213	770	45	760	313	405	712	313	992	658	710	94	737	152	156	528	88	91	431	109	325	978	385	321	765	534	457	34	497	340	112	455	798	811	380	190	420	666	220	692	616	957	978	228	599	577
266	853	105	676	308	950	438	707	43	319	835	596	981	393	837	765	768	395	682	284	736	300	843	993	476	635	883	103	78	649	193	118	660	818	424	807	525	396	117	700	673	941	297	867	128	755	132	305	520	796	259	872	298	392	579	429	285	450	419	790	102	890	70	980	425	447	368
664	750	32	525	556	185	353	648	857	852	975	456	108	94	612	899	864	178	580	566	366	625	571	588	79	43	953	962	721	845	481	187	781	284	345	196	210	2	20	891	827	668	438	618	919	159	475	886	20	418	192	372	757	388	155	889	531	680	150	456	139	311	758	500	45	1000	434	816
197	167	21	861	891	346	132	158	465	619	438	838	425	121	597	658	630	155	529	782	451	234	963	934	632	307	434	247	824	250	782	812	759	593	409	410	511	806	538	668	794	563	327	239	712	318	56	189	570	182	782	328	605	517	731	665	622	246	687	141	327	616	551	559	689	940	808	161	898
339	611	903	476	762	181	312	273	780	855	548	496	20	925	337	146	507	691	557	310	164	894	152	541	907	457	698	613	966	397	314	279	319	883	246	248	476	459	621	416	83	424	55	706	984	660	424	515	177	773	742	548	881	526	898	372	171	39	57	617	137	333	919	290	806	391	492	693	894	730
732	793	633	533	792	659	558	286	760	871	328	952	779	458	911	724	570	629	856	542	590	523	944	161	760	911	461	801	87	531	279	539	229	344	443	710	224	480	823	783	586	384	843	36	720	723	180	398	961	17	780	470	643	47	907	354	815	659	562	645	995	418	737	841	544	441	59	756	560	850	302
850	110	463	77	738	507	944	844	807	484	529	715	938	550	347	546	482	840	812	275	577	749	944	751	309	995	107	616	931	486	215	871	583	169	150	13	514	504	356	693	195	936	439	987	893	401	51	494	133	773	432	329	131	943	710	743	532	1000	873	45	743	47	958	431	780	720	19	922	913	61	195	135
71	155	75	224	985	850	251	33	450	338	21	328	439	963	73	558	887	223	991	276	215	763	782	59	965	912	627	992	768	367	567	681	609	319	951	394	433	905	24	457	985	671	928	242	347	774	262	246	173	731	23	654	756	943	498	247	875	626	638	429	187	390	171	768	563	388	762	812	660	899	910	36	266
833	99	810	143	2	441	244	175	707	120	91	576	242	286	553	839	194	191	18	37	940	977	669	514	652	543	516	623	705	661	363	375	108	638	681	859	148	804	626	534	161	877	122	924	782	208	126	608	677	906	466	18	231	960	478	350	140	396	268	413	738	677	187	310	234	875	396	137	37	945	197	288	268	176
662	245	127	214	376	449	383	907	460	500	748	890	839	430	86	565	279	834	454	237	170	778	36	283	944	973	988	586	834	582	515	582	25	90	257	689	957	532	494	841	723	608	251	706	750	973	723	233	364	29	429	301	350	289	873	845	928	583	82	200	503	213	792	134	935	596	356	27	439	282	626	935	417	76	999
1	891	477	914	897	45	964	630	907	246	854	999	984	612	790	527	67	493	347	585	695	860	162	784	568	997	893	579	418	620	924	87	92	700	619	995	697	438	697	799	816	99	411	166	630	56	404	999	857	730	224	177	966	190	4	96	535	215	93	507	741	15	246	244	755	436	242	216	41	232	837	576	909	600	982	640
210	868	219	438	189	576	343	179	30	176	953	467	378	715	107	189	362	208	613	297	803	46	545	127	265	65	828	808	57	883	559	459	82	325	550	636	137	987	320	353	49	588	573	570	138	360	375	894	908	263	824	374	464	997	900	819	496	655	684	750	463	46	151	489	219	857	253	881	932	132	342	299	264	7	795	59	82
875	29	591	586	360	176	495	651	694	463	700	570	351	25	846	369	533	775	142	229	443	904	755	160	236	645	641	658	76	698	251	456	255	92	43	43	650	903	760	957	333	165	123	598	604	595	737	32	252	467	435	144	220	971	929	610	491	455	287	487	675	728	404	481	656	325	325	539	178	673	969	124	338	1000	728	694	912	340
818	228	291	710	874	434	464	202	544	456	605	191	347	974	183	228	897	317	557	442	53	478	787	259	931	900	90	823	414	290	60	696	122	285	221	806	917	694	877	870	124	330	951	879	968	182	147	640	153	677	958	686	395	71	568	449	190	436	753	912	803	44	569	503	410	364	193	835	132	468	712	672	213	803	248	50	367	758	923
101	394	196	596	203	885	224	545	494	301	133	919	900	551	599	939	517	325	174	890	665	69	127	617	70	886	734	85	212	562	42	849	978	992	916	534	657	22	734	74	873	660	956	453	658	111	101	629	683	230	991	776	730	683	638	840	619	303	635	858	974	430	713	492	362	12	853	56	79	199	238	207	196	602	752	232	688	967	848	609
892	323	921	647	161	469	961	976	628	858	274	738	726	241	606	849	187	945	439	327	458	695	341	137	611	361	615	138	77	618	765	210	901	796	57	169	640	937	301	919	634	567	973	832	850	376	344	746	82	83	387	879	868	901	1000	336	18	122	739	181	265	804	882	679	41	585	395	915	201	548	97	854	443	591	662	61	920	412	427	529	414
854	15	788	13	151	252	867	213	446	824	325	170	311	875	81	784	270	807	752	967	727	56	31	810	998	962	799	547	493	609	101	516	812	134	18	561	462	996	931	262	304	412	244	924	561	670	380	527	488	360	283	485	740	801	229	264	475	262	6	592	115	127	279	356	973	440	280	865	154	30	122	105	708	196	209	148	747	800	927	292	362	581
499	263	538	694	312	678	917	437	438	578	302	174	747	647	738	643	761	729	387	368	286	768	178	489	101	572	379	727	659	654	85	155	995	268	966	62	649	35	16	526	807	752	310	64	933	486	831	756	136	84	587	249	202	181	533	795	337	751	798	838	489	571	646	206	78	491	467	189	683	547	500	204	661	299	974	132	320	966	383	445	883	142	286
840	466	737	348	415	698	801	814	113	680	375	273	606	13	21	93	419	994	42	735	835	277	470	73	375	779	198	457	809	827	215	770	729	315	468	548	993	420	351	639	883	667	835	177	946	49	783	780	269	160	860	835	94	869	890	936	958	886	327	976	745	267	978	205	455	46	494	445	95	36	180	149	655	189	753	526	210	410	640	995	543	132	21	954
828	859	902	971	228	374	651	204	924	708	331	714	126	721	134	496	415	177	889	172	287	376	869	48	636	479	371	993	276	614	404	251	868	710	188	645	439	790	198	577	82	451	303	884	169	836	428	111	213	530	219	370	222	562	242	269	802	568	482	888	934	281	373	157	30	4	559	446	813	198	235	552	744	620	929	213	807	884	806	690	443	182	200	582	748
5	183	960	467	85	38	875	312	387	574	136	268	469	95	610	763	961	512	748	755	312	686	651	682	518	878	314	633	700	465	258	991	321	508	992	368	447	219	393	799	534	100	280	740	229	177	85	409	772	656	42	212	237	752	728	3	647	903	434	562	650	711	811	707	513	861	134	585	812	718	890	758	24	867	800	446	636	51	115	314	165	156	162	442	201	436
802	130	690	396	14	770	636	856	274	46	819	508	970	449	272	347	829	702	348	505	574	658	775	486	76	137	608	411	563	824	158	101	877	614	906	757	36	659	189	499	653	983	145	652	757	519	924	507	389	208	378	923	690	454	165	427	910	6	250	726	404	996	561	775	678	726	246	359	546	696	372	807	228	173	584	133	716	354	311	167	638	904	589	192	994	995	47
539	666	335	898	149	282	151	72	182	326	86	369	100	972	54	187	776	908	800	133	191	577	217	294	868	450	752	974	477	750	485	178	683	589	364	137	285	926	926	408	222	247	808	367	998	691	536	572	147	1	787	997	19	314	496	131	994	972	359	638	397	809	61	333	103	689	239	117	961	918	770	731	604	848	288	413	592	358	289	920	406	969	215	984	110	478	179	802
197	621	67	990	329	434	746	265	380	341	507	229	649	544	272	734	938	714	277	8	180	898	732	355	643	800	270	36	51	314	235	325	795	859	157	208	372	137	506	566	992	228	659	518	34	269	467	38	471	282	960	147	896	339	510	230	931	50	177	376	385	167	227	276	40	548	318	227	805	782	229	400	875	546	758	532	835	552	148	727	739	371	250	521	877	794	972	24	421
485	290	717	316	551	301	527	580	374	409	168	472	23	166	422	262	841	423	330	142	152	622	123	304	701	888	738	214	971	625	742	740	116	159	812	885	758	98	991	337	321	28	356	128	40	490	814	455	215	895	293	41	4	137	149	925	543	172	578	477	902	907	670	204	303	577	646	89	403	121	3	703	35	912	90	290	724	812	137	557	318	361	295	948	128	676	875	617	333	39
158	54	665	813	56	450	579	251	452	441	163	902	501	833	621	560	659	952	259	866	529	736	745	956	165	393	972	663	360	578	970	252	946	612	195	721	734	497	965	203	496	421	283	202	597	776	905	940	203	393	748	73	509	99	920	151	119	408	559	398	26	71	474	6	646	118	786	816	405	204	428	571	155	180	700	2	988	625	888	634	904	286	454	206	449	350	884	802	962	838	737
154	461	216	970	191	354	113	287	370	63	121	323	118	870	707	556	209	85	688	64	625	754	375	268	289	642	868	406	6	282	243	900	373	904	803	358	53	199	338	502	936	881	211	116	694	248	503	49	898	633	252	481	381	230	253	556	17	73	864	264	207	32	805	450	424	955	950	146	316	185	811	390	456	857	570	136	93	457	872	670	197	284	846	756	762	526	111	559	617	537	147	253
797	190	851	50	924	194	28	692	239	404	128	484	355	523	178	283	567	739	335	168	901	668	62	454	892	262	158	511	20	115	328	569	775	533	285	121	943	760	327	39	398	125	1000	314	999	608	927	954	392	424	900	175	153	488	817	421	132	333	351	238	350	184	913	719	846	268	32	743	214	491	186	179	604	95	187	561	726	636	832	383	361	487	256	358	398	864	977	821	993	210	810	958	155
684	962	535	254	85	780	529	1	253	863	62	710	520	757	234	187	246	379	795	949	438	506	497	178	416	494	548	224	889	542	581	79	992	702	881	213	360	271	945	976	349	894	117	725	248	756	406	775	219	558	758	755	300	281	547	552	447	388	720	884	85	787	95	448	414	741	426	228	245	956	645	348	597	798	463	108	491	790	665	232	39	258	598	289	385	540	40	722	329	853	82	580	347	121
209	345	288	562	405	436	969	171	891	66	231	149	825	526	122	916	423	794	851	519	678	839	88	218	182	644	821	885	546	931	695	631	901	73	767	531	517	53	573	450	510	964	406	409	143	633	8	869	254	323	87	435	453	365	109	420	812	548	479	681	139	180	14	204	697	213	752	434	140	424	737	193	28	616	167	433	510	247	52	974	974	971	42	245	927	715	384	115	223	511	845	651	243	212	857
227	854	939	387	578	464	576	698	747	121	404	732	148	464	56	184	532	398	486	595	337	563	102	421	801	613	709	701	621	844	770	979	899	397	880	511	298	398	633	949	507	853	536	424	675	703	593	96	676	938	640	500	473	817	569	845	343	914	611	754	843	835	163	339	48	749	150	79	655	161	719	767	781	443	493	117	815	719	224	996	638	536	426	991	999	198	252	639	209	397	251	581	406	626	309	580
272	960	342	480	372	216	140	995	71	357	998	860	567	283	81	393	903	49	281	828	595	444	409	859	433	287	246	605	939	814	225	945	956	464	316	295	143	750	92	504	176	937	238	272	792	515	299	529	910	192	827	241	362	779	299	352	164	144	763	162	468	613	552	953	189	667	78	263	124	566	258	401	237	790	695	312	451	703	155	299	267	112	234	392	858	261	605	240	928	887	232	414	807	743	150	541	485
732	377	135	866	565	761	56	621	625	665	439	977	961	423	928	101	671	688	241	387	774	716	233	788	846	995	427	125	81	881	932	59	389	988	785	62	440	506	185	197	31	911	592	800	606	95	325	393	882	693	350	231	639	965	438	748	707	208	553	292	871	961	751	83	603	954	574	561	449	700	165	147	453	257	268	732	261	796	97	185	318	880	371	493	594	66	702	379	830	251	823	163	204	194	862	738	880	783
433	167	399	819	52	861	790	919	468	361	683	585	644	15	911	950	145	280	72	408	449	779	181	756	197	326	700	112	3	333	943	341	341	962	256	7	393	880	929	283	795	639	726	444	372	467	986	323	166	358	82	528	337	939	657	823	292	529	712	632	852	837	127	785	850	537	783	15	459	549	855	530	947	905	546	720	511	12	820	881	389	149	937	298	425	362	376	306	986	235	55	592	715	593	233	186	580	440	767
