890
879	475
633	962	384
182	111	675	796
514	690	920	273	194
628	128	496	791	676	930
624	152	374	766	318	117	217
144	21	950	199	409	772	937	948
117	344	485	895	798	235	504	70	945
395	672	989	354	123	957	511	294	392	55
659	856	88	854	81	62	636	643	948	158	185
985	194	815	815	314	382	48	714	387	170	7	551
490	103	2	828	168	621	398	486	969	864	912	924	269
580	175	276	102	412	159	596	175	491	646	624	390	650	437
799	680	221	816	56	609	271	724	561	946	994	858	3	606	838
305	878	351	35	839	975	294	108	323	970	377	377	394	910	38	665
19	594	487	87	468	1	875	151	21	425	186	650	633	79	997	59	938
120	445	339	977	494	194	956	748	210	769	890	79	359	176	650	107	60	790
243	902	460	50	364	806	625	62	344	302	265	829	736	458	474	492	448	425	543
70	105	929	853	564	578	529	552	211	317	780	813	664	154	63	396	610	185	220	857
720	300	928	818	90	184	783	460	787	399	946	293	947	1	390	318	452	44	124	887	631
207	661	159	21	539	382	256	683	89	367	238	106	44	390	119	793	399	760	392	650	700	998
60	616	739	296	876	803	376	695	582	503	319	63	155	42	133	360	833	518	366	945	980	437	689
292	2	242	334	19	432	623	239	454	532	418	37	851	614	836	816	257	712	780	512	775	646	234	121
269	992	355	81	853	845	934	852	792	93	295	67	335	916	82	430	961	850	917	247	16	367	657	560	55
739	51	201	202	736	878	310	190	258	733	434	2	552	799	112	928	132	467	316	747	853	312	109	359	758	272
925	629	818	50	394	820	89	829	213	149	739	88	851	545	782	55	607	684	909	258	310	288	515	337	702	704	29
19	266	338	417	971	24	669	837	663	978	171	761	825	83	85	800	210	60	252	563	439	38	183	137	980	312	49	93
322	59	106	405	994	537	704	195	127	682	165	923	510	227	166	86	200	617	679	843	588	330	815	182	731	609	349	659	413
596	349	441	755	553	97	584	54	720	60	578	196	302	710	22	618	334	100	43	351	222	529	611	212	828	186	860	221	557	448
743	426	833	27	688	106	982	639	779	155	616	805	831	320	770	497	655	851	898	190	572	29	931	689	215	663	220	966	771	966	271
225	916	775	977	760	344	976	466	545	805	880	452	726	337	728	780	703	343	734	457	939	802	236	348	210	40	869	201	26	467	44	80
784	309	39	95	287	914	956	831	24	495	90	477	977	656	48	245	117	658	696	888	957	138	161	273	565	506	859	79	617	247	909	789	534
520	422	620	990	35	617	871	535	162	426	666	638	991	665	627	257	151	879	561	922	264	508	976	970	821	622	95	570	702	606	351	801	571	430
824	631	274	871	852	74	48	288	739	652	255	201	368	172	152	818	759	614	270	305	965	275	600	60	205	533	67	666	569	673	875	298	651	219	298
345	313	318	863	224	556	73	370	689	138	25	979	497	977	35	750	612	124	587	614	533	904	119	800	691	927	799	303	182	485	327	971	178	698	165	805
479	274	190	77	260	167	957	399	657	751	892	578	698	545	511	297	439	350	793	629	661	697	352	721	604	187	226	612	346	860	645	163	932	195	322	260	131
110	639	224	609	16	94	27	235	687	19	662	350	536	836	770	550	393	118	977	978	634	548	903	11	670	161	838	273	599	421	56	38	987	347	349	951	728	599
909	922	282	97	883	297	363	651	87	450	777	535	201	930	640	938	455	644	111	580	774	770	527	415	114	738	990	708	843	166	218	711	883	334	872	773	19	958	545
88	479	788	706	951	741	238	61	584	261	350	85	539	676	962	750	493	859	166	933	434	327	219	436	317	78	678	715	529	732	718	59	923	987	186	230	959	710	346	346
357	19	282	44	839	477	339	610	499	858	365	45	419	592	872	478	973	856	138	82	278	460	493	190	868	652	902	81	760	418	457	134	176	974	117	331	635	260	58	461	765
889	285	35	392	206	713	991	657	173	544	219	173	928	230	742	652	58	888	73	715	30	52	893	79	152	49	839	969	378	917	517	555	833	848	922	339	223	188	98	688	840	909
634	786	883	229	835	791	482	614	396	458	531	326	917	10	889	21	704	918	635	98	571	38	89	553	433	704	361	226	68	358	132	103	880	397	542	582	677	327	547	565	415	118	691
28	306	683	621	568	973	277	124	917	177	961	59	249	982	248	916	154	404	598	642	346	270	500	972	796	448	45	817	224	35	444	257	991	934	770	244	935	445	486	858	421	121	861	657
501	957	131	443	562	116	64	805	897	225	366	324	907	161	294	442	480	417	624	609	923	678	71	668	775	847	841	316	165	707	966	213	388	575	651	609	33	238	177	992	75	39	511	664	592
592	639	751	819	522	501	668	515	561	245	574	610	296	225	725	198	121	626	1	706	905	589	20	995	266	314	113	490	901	876	910	858	46	15	253	841	92	137	998	930	330	917	571	218	347	11
16	420	78	277	578	530	976	7	674	917	321	879	481	175	217	54	636	576	292	281	94	381	572	167	116	604	252	129	494	778	847	534	788	563	831	634	988	968	880	15	874	395	256	848	226	218	101
929	225	212	296	383	640	153	56	609	349	545	56	893	699	963	470	715	746	20	307	97	244	606	152	563	711	54	449	37	563	40	143	87	598	659	485	273	99	669	991	323	740	177	692	356	459	374	51
181	704	161	265	919	19	779	758	110	150	639	575	153	99	211	385	796	90	420	90	299	151	335	674	131	342	895	55	379	478	134	120	135	182	149	766	586	220	455	866	800	675	277	162	506	800	589	762	602
312	469	772	98	548	902	63	436	792	540	255	138	812	895	745	409	681	42	488	935	302	289	347	583	329	186	854	485	325	116	899	863	260	972	930	228	367	24	543	703	131	817	530	448	698	288	397	79	276	452
891	165	522	603	271	556	964	879	372	711	415	456	229	981	808	514	708	807	508	409	419	614	635	22	669	115	499	290	165	278	616	230	697	212	777	739	429	43	299	464	767	547	483	166	469	967	121	975	167	499	179
282	64	616	219	689	410	252	743	229	16	226	536	527	243	293	785	894	790	280	316	564	640	830	116	28	177	459	943	407	587	228	774	776	637	161	241	71	427	469	865	118	805	148	154	451	484	257	636	988	200	330	36
650	75	939	586	431	89	26	906	491	627	613	666	208	17	512	1000	252	894	852	906	19	947	451	895	279	834	419	642	542	676	996	828	462	672	556	586	224	794	44	605	496	913	623	647	664	230	569	330	235	542	463	286	977
59	662	368	287	172	251	633	839	469	499	953	755	807	798	23	475	829	288	953	820	638	728	32	897	656	720	214	383	632	212	441	594	312	410	295	239	865	930	765	28	172	904	345	961	769	338	150	676	937	969	55	647	388	154
901	461	88	844	384	833	934	597	29	961	645	253	365	921	92	158	51	133	589	327	177	338	615	991	600	351	145	691	255	724	346	302	60	952	704	200	224	123	36	945	842	714	262	643	137	423	937	432	72	929	25	980	360	829	899
502	88	828	905	533	340	226	460	793	592	383	810	501	44	47	173	123	384	71	28	677	564	52	175	13	258	680	978	907	470	471	462	245	173	835	149	170	554	543	993	768	970	776	393	733	19	358	243	226	778	896	241	619	526	624	538
103	669	160	528	391	904	512	57	964	178	298	611	562	434	933	648	547	14	831	274	753	159	64	372	144	525	997	746	558	813	58	761	152	443	553	934	521	429	778	898	170	63	580	322	299	124	505	584	437	937	991	643	911	797	708	345	312
429	908	827	25	380	235	722	372	462	134	341	827	978	731	370	343	43	11	143	737	121	299	146	205	939	995	496	1000	504	416	709	195	818	744	832	371	36	242	472	237	545	589	850	602	378	532	984	325	210	728	722	261	14	209	124	216	174	469
330	591	518	996	153	727	579	252	250	951	699	298	294	833	115	345	867	845	572	980	184	983	568	809	739	710	717	769	250	133	413	644	721	229	481	91	728	661	953	104	953	238	486	315	428	866	91	981	185	573	111	150	820	631	521	101	507	169	87
140	939	27	927	27	502	120	678	454	135	347	975	658	919	83	810	903	822	835	793	981	5	173	273	192	531	468	893	826	74	675	187	670	787	956	757	73	581	318	401	637	467	784	729	724	693	886	377	828	314	614	273	747	403	324	354	101	549	253	537
5	375	214	692	619	760	782	822	502	116	258	637	524	961	948	312	590	6	891	745	172	777	770	405	28	754	6	186	271	121	541	721	384	100	644	815	678	428	635	767	906	126	528	977	510	953	976	741	969	37	935	358	647	415	603	200	674	542	779	579	927
935	97	977	336	857	183	923	594	956	211	385	672	974	340	566	268	587	260	390	380	647	349	622	96	642	960	984	947	505	658	669	284	857	8	951	248	268	934	421	153	89	111	568	712	83	732	143	727	145	759	739	301	460	825	170	906	922	554	771	358	770	767
166	778	825	299	373	783	195	902	817	517	617	107	377	819	678	677	724	30	352	752	518	455	52	546	604	439	816	656	977	393	403	937	665	505	266	847	124	497	545	726	621	262	518	166	248	385	567	481	303	921	552	348	573	198	240	419	498	492	32	448	37	695	387
662	263	31	787	62	93	656	270	620	173	483	769	710	899	462	336	163	768	148	25	546	339	608	370	139	505	767	375	119	393	801	417	147	920	714	785	610	175	949	859	519	828	15	905	807	879	587	927	45	75	629	683	704	199	391	588	523	321	411	264	453	192	478	249
651	11	805	106	827	572	138	287	176	884	757	437	490	712	850	763	978	293	418	685	361	533	829	309	973	978	666	940	336	229	424	249	109	243	10	344	210	678	412	921	234	721	450	952	286	702	165	785	994	569	381	62	571	180	157	650	456	754	80	966	205	815	79	779	605
351	736	131	996	247	455	133	235	939	483	255	582	64	329	834	728	418	519	472	184	120	510	156	478	908	335	246	855	8	319	319	235	819	72	21	305	178	862	848	766	862	207	396	545	514	1	871	648	291	155	624	751	147	803	729	803	30	312	830	426	812	27	89	855	360	746
527	717	514	838	397	845	578	890	331	936	288	653	591	13	721	420	59	883	527	257	181	769	535	42	358	83	725	536	496	560	310	927	539	105	184	618	23	979	600	72	38	474	968	958	385	750	289	22	561	849	406	784	742	861	566	159	975	299	625	195	760	154	620	868	966	767	637
884	299	26	335	133	558	853	953	602	426	163	3	675	226	422	866	506	61	127	390	963	83	860	65	285	248	481	101	913	417	587	192	396	1	489	820	697	874	220	879	236	833	72	421	195	801	980	36	613	798	435	621	711	980	21	642	926	771	586	168	423	154	896	687	238	507	706	905
615	120	784	827	849	776	68	39	95	360	206	140	406	338	874	297	937	847	1000	1000	965	151	24	282	740	597	237	243	541	994	105	64	931	269	252	200	21	674	105	729	425	122	335	779	949	871	641	181	893	417	157	21	497	977	206	836	794	604	104	620	820	320	159	396	275	354	322	597	807
726	8	632	784	720	708	338	574	997	298	989	957	20	650	145	757	259	932	902	26	975	732	915	194	583	777	821	782	901	826	717	264	575	843	614	397	591	412	847	637	33	463	369	726	782	431	141	224	394	290	325	272	51	936	585	983	890	417	87	967	764	78	850	627	159	547	607	17	826	401
384	46	690	478	709	331	553	614	43	495	947	872	951	724	428	784	931	323	475	877	473	222	58	228	162	756	409	612	887	488	58	719	648	624	507	313	570	921	86	903	640	207	616	429	627	598	224	125	883	303	991	447	800	791	171	663	160	217	439	169	51	459	72	627	271	971	920	126	621	812	809
301	236	185	801	218	746	342	181	412	261	2	68	615	511	420	179	756	254	411	903	568	976	707	741	838	346	138	505	691	596	770	121	744	578	855	780	279	95	188	624	878	900	883	696	670	936	131	820	635	848	788	372	521	890	188	729	273	937	785	246	753	667	433	727	601	915	666	537	706	860	587	632
977	85	101	606	373	351	155	945	755	637	331	187	258	460	435	106	388	148	456	160	658	937	26	782	787	900	586	250	502	869	844	378	809	142	994	184	995	142	396	318	441	940	325	148	526	475	619	258	697	88	581	782	554	54	583	860	434	649	404	148	447	675	409	95	917	158	513	100	101	249	973	288	186
93	427	54	436	846	311	228	361	397	278	42	848	97	359	809	855	205	485	800	215	914	911	631	45	19	469	730	381	357	521	86	675	365	948	56	637	264	700	186	812	831	15	821	428	637	598	190	750	762	668	931	19	64	635	187	641	448	554	221	359	969	588	211	811	244	882	981	39	572	944	444	770	317	751
522	40	656	326	39	172	620	418	761	328	441	414	202	916	416	152	137	133	857	307	399	32	146	145	794	206	103	377	680	308	116	616	638	595	254	575	471	458	934	561	584	528	744	404	510	513	98	359	163	788	602	907	743	519	74	671	383	636	476	651	78	511	736	784	103	247	850	288	209	705	574	27	91	949	119
380	777	303	47	670	617	86	457	305	463	163	277	323	675	308	177	308	887	724	809	455	224	497	537	744	102	101	271	629	804	357	80	44	774	201	172	597	838	184	652	365	330	802	576	44	398	774	431	772	727	516	863	150	642	546	12	907	433	594	256	991	49	489	26	113	56	6	332	403	415	833	973	629	530	525	396
327	710	785	93	145	160	694	766	66	291	676	812	194	993	70	142	326	19	437	651	629	521	111	823	536	214	810	40	56	995	655	118	251	688	861	533	905	759	185	292	569	414	456	39	951	92	414	391	969	46	936	719	752	161	124	110	276	572	85	737	546	23	588	172	625	406	259	581	332	916	976	517	431	878	862	576	788
616	821	760	652	496	813	674	373	234	983	692	93	579	730	911	286	867	148	451	930	790	224	713	122	166	475	917	342	45	11	657	978	668	667	100	687	895	740	597	343	765	601	472	46	244	74	769	420	183	8	767	399	12	536	565	666	276	496	17	933	444	731	272	709	220	442	368	75	537	974	813	105	776	436	440	837	958	169
390	515	725	905	531	845	986	809	882	852	81	897	539	442	320	436	200	298	387	490	451	382	554	602	880	468	674	995	928	51	986	531	696	649	77	588	618	81	738	793	455	804	24	727	733	494	806	416	8	373	497	537	966	758	575	385	362	798	334	931	501	437	635	234	709	547	627	467	263	719	496	967	688	980	965	441	943	432	947
141	575	650	569	87	827	803	750	775	93	282	452	313	78	833	406	799	232	986	972	659	29	451	521	136	240	487	925	756	471	76	772	631	56	252	456	935	811	382	745	871	637	843	688	99	14	834	989	565	589	142	743	983	279	939	975	521	780	571	97	889	309	581	766	322	889	914	853	736	489	871	177	492	964	801	425	205	519	660	76
102	826	196	584	688	603	422	418	783	859	22	510	697	466	238	270	233	69	298	762	277	885	56	598	1	833	938	793	954	868	399	842	121	213	963	123	714	522	225	535	817	219	977	257	607	867	524	236	176	551	810	497	678	507	943	306	640	185	950	695	818	837	994	666	14	606	846	647	199	747	554	194	607	815	167	309	851	313	839	317	25
528	139	214	149	372	630	958	36	656	798	972	786	733	95	903	560	497	42	65	927	927	254	475	550	857	882	565	289	891	746	564	474	856	391	883	861	373	851	300	38	193	290	527	815	13	830	401	137	336	335	405	514	170	567	886	488	84	20	896	646	111	97	43	709	971	265	497	541	646	1000	939	531	391	122	98	789	157	640	52	952	339	700
420	107	624	504	151	292	120	614	451	76	885	89	740	221	506	825	315	403	502	28	311	115	817	523	102	793	744	480	503	369	796	629	700	7	559	309	300	541	757	471	705	39	541	274	415	555	900	279	212	69	198	276	490	441	91	932	321	19	25	401	835	17	436	861	526	848	661	916	561	520	885	111	533	962	168	443	242	141	700	28	872	742	271
875	317	187	534	129	393	631	329	983	498	160	20	830	209	280	173	902	49	573	359	469	291	784	194	615	865	180	432	683	962	751	698	373	878	886	89	894	173	881	134	287	747	618	831	384	984	582	369	726	865	366	892	918	791	713	617	953	67	346	204	914	382	437	851	71	436	367	344	489	641	350	85	220	852	934	510	230	390	130	752	477	719	673	868
329	839	230	186	915	718	64	867	912	301	521	320	307	723	678	593	503	891	233	549	554	233	30	676	204	913	41	457	109	747	148	940	304	710	305	61	118	279	106	75	720	615	147	567	299	924	883	235	621	663	563	828	25	787	64	52	460	317	540	293	614	90	903	99	447	998	24	189	402	804	799	35	952	638	779	732	659	980	638	935	349	673	755	619	211
544	528	493	902	1000	333	676	978	365	556	814	174	255	860	840	751	702	957	380	727	779	324	368	604	166	485	524	505	678	937	656	405	886	879	215	191	900	529	539	239	725	243	416	92	573	796	182	276	724	811	94	365	21	112	753	499	312	869	732	474	320	758	93	781	473	455	634	957	723	955	231	335	691	291	356	500	84	755	864	88	389	886	844	161	809	353
758	746	220	948	67	997	466	835	91	957	792	622	299	645	638	963	554	466	684	9	976	557	213	939	87	929	902	607	909	586	427	376	110	301	995	738	336	111	991	438	961	829	361	382	719	843	705	928	552	241	286	299	210	513	232	928	256	30	910	74	669	584	702	711	185	528	62	977	133	834	727	279	392	973	665	871	651	465	516	276	556	994	399	553	148	502	21
908	404	74	326	707	391	762	789	622	864	72	146	503	851	51	146	644	109	310	669	888	956	329	609	140	559	826	330	483	782	847	731	202	346	161	936	355	662	634	550	986	808	964	279	473	410	950	623	358	326	555	978	504	98	136	597	15	211	508	178	636	100	45	295	518	655	978	771	909	775	296	437	453	782	430	84	502	302	914	443	542	946	326	636	186	211	32	458
520	55	964	500	347	792	289	113	831	252	773	377	116	819	738	723	548	652	700	156	636	613	228	411	483	528	655	314	530	733	348	259	290	366	712	455	883	434	692	700	795	932	189	284	869	966	654	434	880	189	172	154	258	552	346	248	166	675	933	939	131	222	810	461	575	557	22	585	290	666	392	606	800	1000	803	213	277	980	362	94	909	802	161	968	310	80	48	232	980
924	317	200	333	656	97	70	540	660	740	100	21	92	767	590	364	636	219	395	207	37	81	754	584	168	924	892	250	736	524	611	173	60	826	416	253	672	740	770	793	339	186	261	365	16	59	662	931	108	597	696	192	695	86	744	154	762	944	464	367	835	505	20	524	394	380	340	837	833	456	889	196	474	426	835	741	829	782	53	471	589	25	523	42	222	59	59	477	686	407
308	139	659	587	164	641	129	567	748	775	625	73	38	690	599	131	79	711	806	533	142	83	391	75	89	220	142	196	63	597	234	22	271	201	463	851	662	110	804	240	720	152	541	126	310	597	412	710	663	786	336	703	990	733	901	910	646	501	369	646	116	479	77	37	891	126	635	431	979	862	928	644	857	584	778	783	263	236	168	470	563	803	948	79	892	624	413	844	747	435	661
148	902	130	546	758	648	407	518	403	465	59	739	362	847	424	663	395	838	683	846	13	681	317	910	523	716	627	511	927	670	693	201	63	319	367	291	756	111	643	245	810	177	349	946	690	442	828	482	948	134	665	493	261	127	357	142	632	186	64	545	217	289	41	118	918	595	127	322	49	571	833	4	208	843	722	23	814	853	519	334	242	850	883	485	489	384	134	220	378	1	196	263
318	765	657	553	542	28	56	399	932	952	301	381	842	207	164	393	218	540	653	341	176	410	535	445	808	717	851	769	54	218	769	702	813	514	253	219	500	183	426	201	278	471	458	737	559	428	153	63	769	87	943	597	976	462	294	572	567	672	952	529	736	627	853	710	114	784	946	205	921	717	534	989	718	521	175	955	309	673	517	814	545	777	542	821	696	713	578	219	163	78	979	927	824
507	985	16	201	251	964	863	812	96	872	167	617	853	155	405	865	429	224	378	600	128	774	379	559	598	495	635	791	372	274	34	506	218	954	167	278	508	925	260	786	997	968	152	45	365	987	887	236	140	201	462	799	679	37	306	276	939	154	129	717	831	220	999	715	880	429	834	155	299	212	831	273	15	235	384	996	221	804	273	402	226	234	933	410	48	553	897	54	275	661	718	403	979	983
571	668	630	159	857	447	288	920	92	838	384	958	108	12	639	344	380	695	157	66	152	839	543	102	838	883	559	608	215	554	367	767	761	478	501	48	34	904	78	858	560	788	381	467	152	614	75	925	921	952	159	734	396	911	732	208	923	755	175	946	264	300	783	991	9	901	692	751	76	215	171	848	547	327	407	995	136	78	501	917	375	219	559	685	170	335	225	9	522	440	982	118	775	695	373
94	815	229	355	123	151	287	815	983	144	993	603	231	529	753	220	779	43	35	578	481	634	835	697	738	644	866	408	929	734	23	500	638	943	603	483	429	527	664	323	162	878	740	491	287	219	512	498	647	746	480	711	588	478	821	583	498	871	808	845	628	883	119	794	767	881	150	800	205	192	159	294	763	301	504	614	900	234	794	622	269	16	845	1000	500	911	668	895	972	246	408	576	644	318	932	273
619	36	402	422	219	620	601	984	974	693	597	724	216	886	344	158	343	632	473	560	3	43	868	857	336	309	959	494	45	690	95	169	929	978	483	160	753	798	57	210	62	789	767	836	526	875	54	686	794	355	367	239	842	836	839	168	55	769	680	330	126	425	798	157	997	346	518	871	674	66	286	781	219	59	304	203	334	580	490	177	16	518	813	840	567	687	942	151	573	691	98	359	492	654	679	986	347
909	944	852	813	212	580	84	707	128	561	874	588	442	675	473	631	326	328	230	784	346	493	282	663	505	682	4	709	984	340	9	325	844	473	426	655	783	850	582	683	709	505	333	89	993	981	50	809	716	882	130	646	666	860	119	636	459	634	394	771	931	485	180	969	441	915	694	419	324	83	614	852	731	585	876	813	42	475	772	21	731	484	69	791	566	49	440	723	445	121	856	71	459	69	913	419	266	323
175	895	983	691	691	753	428	207	409	876	569	585	291	264	267	822	810	494	332	843	717	345	197	515	373	607	847	456	813	167	992	410	198	672	572	301	832	211	108	20	625	586	248	234	754	959	101	51	842	173	850	655	843	767	628	161	377	305	134	903	419	783	819	261	605	32	795	268	732	512	796	534	708	870	637	783	900	498	764	556	118	301	427	867	917	477	879	33	44	923	899	932	902	79	856	815	110	262	483
