POBLACION INICIAL
INDIVIDUO 0 = {FUNCION OBJETIVO (km): 53098, RECORRIDO: 26 62 38 68 47 93 64 41 77 39 75 42 98 48 27 28 80 54 78 81 9 83 43 58 12 10 84 24 60 94 63 36 97 50 76 95 4 90 89 65 99 49 30 66 67 87 82 85 35 86 37 44 40 96 57 88 45 31 59 1 2 51 46 3 79 91 92 34 69 73 17 5 33 52 70 71 72 6 53 7 74 8 11 13 16 14 15 55 18 19 29 56 61 23 20 32 21 22 25 }
INDIVIDUO 1 = {FUNCION OBJETIVO (km): 51360, RECORRIDO: 47 30 98 22 48 49 51 16 58 83 93 84 42 26 34 37 41 79 89 55 20 94 35 76 59 50 82 85 69 1 61 3 31 44 11 92 52 53 33 6 60 77 86 75 87 80 45 29 43 18 14 62 64 63 19 78 70 66 65 71 72 36 95 81 15 21 38 39 57 67 40 68 88 96 73 99 2 90 46 74 8 91 97 4 56 25 5 32 7 9 54 10 12 13 17 27 23 24 28 }
INDIVIDUO 2 = {FUNCION OBJETIVO (km): 48298, RECORRIDO: 34 18 32 35 44 33 36 48 64 65 78 24 37 99 87 9 85 90 67 28 42 40 25 10 98 1 49 26 63 66 38 21 39 23 20 51 81 11 52 45 2 61 79 72 62 73 41 13 43 68 59 22 75 58 88 12 74 69 6 46 27 82 91 70 47 80 29 14 8 53 71 89 50 93 3 30 4 5 7 83 56 77 76 96 55 57 15 84 16 54 92 60 86 17 94 31 95 97 19 }
INDIVIDUO 3 = {FUNCION OBJETIVO (km): 52016, RECORRIDO: 39 20 85 99 13 94 86 62 10 29 64 27 28 30 72 51 31 66 32 56 23 87 25 6 95 7 8 98 84 42 3 52 53 67 1 80 74 65 88 59 40 89 68 69 83 70 37 54 90 78 81 5 41 16 21 9 93 24 33 49 4 91 97 11 71 92 38 18 79 34 12 14 57 35 47 15 46 17 19 22 75 26 36 82 43 44 45 48 50 55 2 58 60 61 63 73 76 77 96 }
INDIVIDUO 4 = {FUNCION OBJETIVO (km): 48430, RECORRIDO: 33 63 89 99 12 55 11 22 51 43 8 15 42 34 73 83 1 67 28 81 72 44 45 53 19 62 94 84 75 29 18 65 85 30 86 2 54 56 31 32 50 87 97 88 98 47 27 16 13 90 82 80 7 46 48 3 68 5 95 64 4 49 14 17 52 36 74 20 66 57 21 6 58 69 91 10 9 93 59 35 37 60 23 24 25 61 70 26 92 38 76 71 96 39 40 41 77 78 79 }
INDIVIDUO 5 = {FUNCION OBJETIVO (km): 48707, RECORRIDO: 93 83 73 22 36 6 34 43 37 56 1 30 10 61 58 15 69 27 96 18 78 26 95 21 57 64 87 38 66 97 7 23 67 11 42 8 9 59 12 74 92 47 62 13 14 70 98 91 35 75 94 51 63 16 17 28 71 19 82 68 65 20 99 55 72 49 84 40 41 24 44 31 85 60 54 76 25 29 45 77 79 32 80 81 33 39 46 2 86 48 50 52 3 53 88 4 89 90 5 }
INDIVIDUO 6 = {FUNCION OBJETIVO (km): 53686, RECORRIDO: 28 32 46 58 89 90 79 3 75 24 64 78 72 51 50 25 44 53 4 69 55 77 27 96 76 26 9 73 81 45 70 94 18 19 42 80 47 35 56 1 74 71 82 83 2 84 85 86 13 87 61 88 29 97 11 91 6 33 48 98 14 52 92 57 93 49 31 36 99 38 23 5 54 95 37 21 7 20 8 30 59 60 62 15 34 10 16 17 65 22 12 63 66 39 67 40 41 43 68 }
INDIVIDUO 7 = {FUNCION OBJETIVO (km): 48885, RECORRIDO: 68 92 16 90 44 73 42 14 3 5 85 51 4 9 87 77 48 12 81 46 39 17 6 7 88 35 89 19 28 8 96 18 32 70 31 25 38 91 79 49 10 11 13 15 99 20 21 59 83 64 84 72 93 56 22 1 65 86 23 66 75 24 27 71 67 69 43 26 45 47 57 29 74 30 76 94 78 52 80 82 33 95 50 34 58 60 36 97 37 98 53 2 40 41 61 54 55 62 63 }
INDIVIDUO 8 = {FUNCION OBJETIVO (km): 50468, RECORRIDO: 98 84 7 9 68 55 71 16 65 91 43 44 12 8 45 85 38 18 54 14 86 28 35 82 13 15 39 94 22 72 95 11 66 50 81 19 26 92 46 67 88 56 20 70 57 41 80 76 10 49 23 77 17 21 87 24 47 74 69 25 93 48 61 27 96 89 78 73 97 29 83 30 31 32 51 58 62 90 75 99 79 33 1 52 34 36 53 2 37 59 60 3 4 63 64 5 6 40 42 }
INDIVIDUO 9 = {FUNCION OBJETIVO (km): 49762, RECORRIDO: 67 94 87 6 77 49 28 64 74 7 47 41 95 53 86 96 32 79 27 89 54 19 57 8 48 63 17 81 93 55 14 99 56 33 37 82 44 60 45 15 24 72 12 5 40 61 50 70 21 26 51 9 97 83 52 88 98 42 75 65 29 84 34 78 76 43 1 58 35 36 38 90 2 20 91 80 3 22 85 73 39 4 59 62 25 10 23 30 68 92 11 71 66 46 16 13 18 69 31 }
INDIVIDUO 10 = {FUNCION OBJETIVO (km): 52014, RECORRIDO: 45 72 83 93 43 14 59 86 19 46 51 97 49 79 78 7 54 95 77 64 81 92 23 55 98 90 16 67 6 36 34 94 27 91 25 61 29 80 52 60 32 82 84 13 47 42 8 44 62 17 96 50 20 85 99 1 9 65 31 21 22 74 2 75 56 3 73 53 4 70 68 48 76 87 63 71 88 5 57 12 58 18 66 28 24 69 89 26 30 10 11 33 35 15 39 37 38 40 41 }
INDIVIDUO 11 = {FUNCION OBJETIVO (km): 41862, RECORRIDO: 55 97 65 43 72 64 91 92 5 25 4 31 88 46 15 41 53 98 71 63 74 93 73 45 2 26 40 22 75 67 6 44 80 24 95 58 47 9 84 66 56 21 30 90 70 32 3 82 7 94 8 42 27 48 99 76 49 38 68 36 28 87 1 37 96 86 10 29 69 57 62 50 33 14 85 34 81 77 35 11 12 83 13 16 18 51 89 61 39 17 52 19 54 20 78 23 59 60 79 }
INDIVIDUO 12 = {FUNCION OBJETIVO (km): 48570, RECORRIDO: 87 77 37 34 72 39 57 78 42 28 13 36 8 35 26 18 81 10 89 98 71 58 46 95 65 64 12 25 63 69 17 31 52 84 73 33 14 15 70 55 16 9 20 7 38 27 85 56 59 91 66 40 32 41 43 94 96 44 19 23 45 29 82 74 6 61 83 30 50 88 92 93 47 48 60 62 11 79 97 80 99 21 67 49 68 51 22 24 53 86 75 54 90 76 1 2 3 4 5 }
INDIVIDUO 13 = {FUNCION OBJETIVO (km): 43596, RECORRIDO: 95 10 11 87 64 2 72 86 7 78 69 31 45 61 85 71 84 54 3 66 36 12 65 38 34 5 56 13 4 21 43 77 39 46 60 14 79 8 40 91 15 92 80 93 50 44 98 16 70 52 73 82 49 25 47 88 42 48 51 55 6 27 67 68 74 75 76 24 81 9 53 41 57 17 94 18 83 96 35 97 19 89 37 90 58 59 62 99 20 1 63 22 23 26 28 29 30 32 33 }
INDIVIDUO 14 = {FUNCION OBJETIVO (km): 50395, RECORRIDO: 44 26 24 19 56 90 64 71 88 3 77 42 20 5 7 65 83 78 32 69 99 76 62 96 63 15 47 49 75 6 54 35 86 85 84 79 67 25 10 81 80 60 27 51 66 2 61 23 89 72 94 68 33 98 92 73 4 34 70 58 74 22 30 38 36 9 50 82 91 87 93 95 28 97 1 8 31 52 18 39 53 55 11 57 48 21 59 43 12 29 37 13 40 41 14 45 46 16 17 }
INDIVIDUO 15 = {FUNCION OBJETIVO (km): 50777, RECORRIDO: 19 58 59 37 72 75 10 77 29 64 67 87 62 26 94 14 95 83 68 96 4 27 79 31 82 11 36 60 65 80 44 81 16 61 86 1 63 49 66 88 52 38 13 97 74 53 54 89 84 69 85 21 73 39 78 71 70 8 30 32 98 76 9 56 28 55 90 18 12 91 92 45 93 50 99 24 2 3 5 6 7 15 17 20 46 22 23 33 25 47 51 34 35 40 41 48 42 43 57 }
INDIVIDUO 16 = {FUNCION OBJETIVO (km): 52020, RECORRIDO: 17 89 3 31 78 7 15 9 82 85 88 91 84 35 90 99 59 81 32 47 1 33 55 92 37 42 76 48 60 70 29 25 4 46 52 61 93 21 45 83 2 63 22 74 38 71 18 67 94 41 50 68 39 30 77 95 26 51 86 62 49 53 19 87 96 54 23 34 56 43 40 97 16 98 44 64 27 57 8 36 5 24 58 65 66 79 69 28 6 12 72 73 75 80 10 11 13 14 20 }
INDIVIDUO 17 = {FUNCION OBJETIVO (km): 50118, RECORRIDO: 11 96 16 7 49 65 21 87 22 25 90 13 63 46 33 69 42 43 12 99 41 64 86 34 32 74 1 2 18 71 54 14 80 29 72 76 10 15 81 24 68 51 44 4 3 88 30 70 45 82 55 31 83 23 73 85 59 17 84 89 19 77 20 58 97 40 75 26 8 50 91 78 79 9 67 60 35 27 5 28 56 62 47 36 37 38 39 66 48 52 53 92 93 57 94 61 95 6 98 }
INDIVIDUO 18 = {FUNCION OBJETIVO (km): 51929, RECORRIDO: 71 16 95 50 24 49 13 12 29 51 1 7 59 53 89 52 64 90 17 72 70 91 54 93 61 37 77 18 36 97 76 83 23 98 73 31 45 25 30 58 26 94 86 14 82 19 74 15 20 92 42 55 38 79 21 67 75 33 84 56 99 22 62 68 43 78 96 63 6 65 27 80 28 8 2 57 3 4 69 9 32 5 34 35 39 85 87 47 66 48 40 81 60 41 88 10 11 44 46 }
INDIVIDUO 19 = {FUNCION OBJETIVO (km): 51454, RECORRIDO: 84 33 79 82 98 15 66 65 69 80 72 81 6 85 30 73 10 68 86 87 91 12 67 70 48 4 9 43 62 50 56 83 64 17 46 71 97 74 3 31 32 75 7 88 45 78 34 35 89 76 27 92 61 37 59 90 93 63 8 22 36 77 11 38 49 39 94 13 14 19 24 16 57 18 95 96 99 1 40 58 23 5 2 20 21 25 51 26 28 60 52 29 41 42 44 47 53 54 55 }
INDIVIDUO 20 = {FUNCION OBJETIVO (km): 50556, RECORRIDO: 37 20 62 13 54 81 84 4 35 79 66 32 14 33 1 38 82 67 85 21 60 71 39 83 40 86 27 19 94 68 48 56 22 55 2 95 76 69 87 88 75 30 58 74 51 72 15 90 16 17 23 80 24 50 99 43 52 42 53 31 25 57 77 96 65 26 28 59 18 29 89 41 61 34 63 97 3 36 47 44 6 70 98 45 46 91 49 64 73 5 78 92 93 7 8 9 10 11 12 }
INDIVIDUO 21 = {FUNCION OBJETIVO (km): 46885, RECORRIDO: 99 10 12 16 49 84 18 64 85 86 20 56 28 1 29 2 68 9 21 83 38 22 4 74 95 71 66 32 80 17 46 97 67 47 63 72 8 6 41 87 81 44 23 78 59 42 51 25 57 11 52 3 35 96 5 58 76 62 93 53 60 77 39 69 26 36 61 65 7 98 33 70 27 48 19 50 73 13 37 14 79 75 82 15 88 89 24 30 90 31 91 34 92 94 43 40 45 54 55 }
INDIVIDUO 22 = {FUNCION OBJETIVO (km): 49247, RECORRIDO: 88 35 1 45 50 94 80 67 5 12 79 69 2 3 10 38 4 66 62 43 70 57 98 49 99 85 36 65 27 6 61 71 59 21 51 89 22 39 31 8 72 41 48 7 9 20 19 24 11 13 14 63 53 15 92 60 16 17 52 54 32 90 77 73 68 18 25 28 23 26 74 81 37 86 46 91 58 29 44 87 97 55 30 82 33 34 83 47 40 42 56 64 75 76 93 78 84 95 96 }
INDIVIDUO 23 = {FUNCION OBJETIVO (km): 57664, RECORRIDO: 96 71 10 18 68 33 98 2 75 31 32 69 4 56 57 8 99 86 34 76 89 51 66 70 3 88 77 42 25 11 58 13 53 28 91 47 27 52 1 29 14 12 97 5 67 78 79 6 7 72 74 9 62 37 64 93 94 73 80 15 46 21 43 63 26 81 95 16 61 65 44 49 39 82 38 83 54 84 17 22 45 19 48 20 23 50 24 30 35 85 55 40 36 59 41 60 87 90 92 }
INDIVIDUO 24 = {FUNCION OBJETIVO (km): 54560, RECORRIDO: 12 93 73 75 10 38 99 16 7 35 2 57 61 17 55 72 5 1 80 81 39 30 19 74 24 40 41 53 46 89 56 83 90 42 34 29 11 67 18 20 6 15 94 47 95 51 58 28 3 91 43 22 92 84 52 98 21 8 82 36 79 59 63 76 23 96 50 44 66 32 49 77 60 68 13 37 54 69 62 14 45 97 48 25 78 70 4 86 64 65 85 71 9 26 27 87 88 31 33 }
INDIVIDUO 25 = {FUNCION OBJETIVO (km): 48176, RECORRIDO: 18 27 79 36 37 14 43 58 42 21 31 6 60 8 13 38 54 76 93 19 77 55 39 29 86 67 11 56 49 1 26 28 87 57 69 88 41 25 32 80 12 92 83 59 51 70 61 17 44 50 62 48 45 20 40 15 81 63 16 5 30 73 64 52 22 65 2 82 85 78 7 33 53 46 90 47 66 68 71 72 74 75 91 89 24 99 98 84 94 95 96 23 34 97 35 3 4 9 10 }
INDIVIDUO 26 = {FUNCION OBJETIVO (km): 45054, RECORRIDO: 48 54 76 21 89 52 3 4 53 82 58 6 49 75 96 86 11 14 69 43 88 15 23 2 55 16 40 59 73 93 57 41 17 18 25 80 42 83 56 5 30 95 85 28 31 9 98 22 60 19 97 34 99 33 10 70 87 12 32 39 24 77 35 47 26 72 1 84 94 13 7 27 36 44 45 90 79 29 74 8 37 91 61 62 20 38 46 63 50 51 64 65 78 66 67 92 68 71 81 }
INDIVIDUO 27 = {FUNCION OBJETIVO (km): 48957, RECORRIDO: 27 75 11 30 18 32 15 19 55 64 65 33 77 56 36 93 26 78 76 73 3 54 41 45 67 72 94 69 74 42 83 12 4 8 51 23 87 10 31 89 9 1 48 95 53 86 79 5 6 25 34 60 20 7 96 13 28 80 29 17 90 21 35 71 38 14 16 66 68 49 70 57 88 81 22 98 58 24 52 37 43 47 82 39 40 44 2 97 46 50 59 61 62 84 63 85 91 92 99 }
INDIVIDUO 28 = {FUNCION OBJETIVO (km): 48380, RECORRIDO: 11 74 6 39 64 63 49 57 31 89 12 91 5 32 99 41 13 43 28 65 8 40 17 26 71 84 27 55 33 7 86 54 34 3 9 42 29 30 18 79 10 1 22 44 14 45 46 35 56 90 82 87 70 97 88 23 61 81 58 92 59 93 36 16 47 15 19 60 20 21 24 78 96 2 94 80 75 53 4 51 76 66 25 48 85 50 37 52 95 38 98 62 67 68 69 72 77 83 73 }
INDIVIDUO 29 = {FUNCION OBJETIVO (km): 45423, RECORRIDO: 39 1 26 72 86 42 45 20 64 50 48 81 51 60 78 4 67 83 36 16 94 41 46 63 53 92 40 10 43 68 56 59 52 61 17 55 37 84 54 18 57 38 29 23 19 21 65 91 74 77 62 73 95 24 5 88 58 71 85 11 66 96 69 75 76 79 87 44 22 80 70 82 97 25 47 89 31 27 90 93 98 12 28 99 2 3 6 30 7 32 8 9 13 33 49 14 15 34 35 }
INDIVIDUO 30 = {FUNCION OBJETIVO (km): 49222, RECORRIDO: 70 98 65 7 21 52 17 83 24 84 42 68 64 88 69 49 2 22 89 10 90 74 85 44 40 6 79 31 8 11 1 41 67 66 5 9 71 62 73 18 72 15 36 91 33 45 82 12 75 19 76 55 3 86 77 50 78 92 80 81 87 29 94 93 43 95 30 96 97 23 61 99 27 4 25 13 37 14 16 20 26 39 46 28 32 34 35 38 47 48 51 53 54 56 57 58 63 59 60 }
INDIVIDUO 31 = {FUNCION OBJETIVO (km): 49431, RECORRIDO: 16 75 72 70 10 50 81 74 6 2 7 19 45 46 12 88 76 25 34 80 92 52 57 31 77 24 32 26 96 51 14 17 18 58 63 87 47 30 48 35 95 82 53 15 98 49 13 83 73 89 84 78 79 59 85 54 90 97 55 86 56 91 60 61 23 62 64 65 66 20 93 21 22 27 67 68 28 69 36 99 1 71 94 3 29 4 5 8 9 11 39 33 37 38 40 41 42 44 43 }
INDIVIDUO 32 = {FUNCION OBJETIVO (km): 50818, RECORRIDO: 43 57 63 41 66 3 75 87 55 44 32 84 28 58 56 53 26 62 10 21 4 30 37 31 33 34 2 27 52 7 67 94 64 95 17 8 11 18 9 79 65 45 91 35 78 90 29 85 59 92 36 80 93 47 68 19 86 88 54 38 46 96 48 97 82 39 40 50 15 69 98 99 1 70 49 71 42 5 74 73 76 23 77 6 14 12 60 72 81 24 83 61 13 16 20 51 89 22 25 }
INDIVIDUO 33 = {FUNCION OBJETIVO (km): 45847, RECORRIDO: 83 23 21 57 29 12 5 8 47 74 42 95 26 13 25 55 73 77 33 27 58 24 79 75 39 72 28 34 9 65 43 78 76 80 56 6 84 20 96 66 97 41 44 67 22 46 30 50 59 51 60 61 93 81 38 45 68 88 82 40 85 48 69 71 86 62 35 99 31 7 49 94 4 87 52 98 89 2 32 36 1 37 90 53 10 70 3 54 91 15 63 64 92 11 14 16 17 18 19 }
INDIVIDUO 34 = {FUNCION OBJETIVO (km): 50450, RECORRIDO: 64 54 13 40 55 63 93 89 62 47 32 72 1 65 9 18 73 90 48 29 66 5 15 67 12 8 10 91 20 17 58 88 21 41 42 52 11 22 92 23 33 75 43 24 34 59 35 96 95 44 2 49 4 81 28 14 36 16 98 50 37 38 57 94 68 83 86 30 19 69 70 97 56 60 71 25 26 27 31 74 51 45 7 76 53 99 39 77 46 61 78 79 80 82 84 3 85 87 6 }
INDIVIDUO 35 = {FUNCION OBJETIVO (km): 52383, RECORRIDO: 55 75 78 58 74 15 85 16 14 86 92 79 71 69 39 76 88 19 64 56 80 17 81 18 52 68 87 20 45 82 97 21 83 57 59 53 77 60 61 11 98 42 24 46 40 27 7 94 12 13 62 84 90 10 70 99 5 93 6 54 47 63 38 72 65 41 73 22 43 51 66 67 89 91 95 23 33 25 49 48 50 26 96 1 30 2 3 44 31 4 8 28 32 9 29 34 35 36 37 }
INDIVIDUO 36 = {FUNCION OBJETIVO (km): 49362, RECORRIDO: 94 40 72 20 44 48 84 55 93 51 97 43 15 8 26 87 95 19 81 32 69 96 59 98 88 49 12 99 1 91 30 28 14 2 3 13 27 29 66 68 71 9 70 31 10 63 79 38 50 4 86 73 37 76 60 22 67 21 33 61 5 62 34 74 17 52 85 64 23 47 89 6 18 90 53 42 82 36 75 92 35 7 54 11 16 45 24 25 57 39 41 46 56 58 65 77 78 80 83 }
INDIVIDUO 37 = {FUNCION OBJETIVO (km): 48464, RECORRIDO: 11 80 28 88 12 7 18 82 59 10 24 1 93 41 86 29 51 61 58 22 36 72 23 52 13 73 71 32 57 33 14 4 64 91 8 9 34 92 83 62 30 94 60 26 95 96 98 79 56 81 63 6 54 87 15 37 48 19 38 16 97 35 68 17 89 5 20 25 39 43 53 40 46 31 84 85 75 74 2 21 49 42 65 27 44 76 45 77 47 90 50 99 55 66 3 67 69 70 78 }
INDIVIDUO 38 = {FUNCION OBJETIVO (km): 50334, RECORRIDO: 2 9 89 43 25 10 85 4 35 41 33 49 15 70 42 52 14 66 87 59 73 16 44 5 83 84 36 55 17 20 6 3 37 95 34 26 67 68 96 86 8 79 80 75 69 18 50 56 65 57 58 93 60 19 71 47 11 94 24 61 72 76 74 30 62 54 77 38 27 45 63 46 78 81 88 90 91 97 28 39 82 98 99 29 92 1 51 7 12 13 40 31 21 22 48 23 32 53 64 }
INDIVIDUO 39 = {FUNCION OBJETIVO (km): 50431, RECORRIDO: 22 59 72 44 73 5 48 74 16 15 45 3 37 46 14 86 50 62 52 17 6 54 47 18 71 19 49 20 56 65 96 23 32 75 63 24 55 83 85 81 76 91 39 40 1 51 21 93 53 33 97 34 57 64 7 8 70 84 41 79 69 4 58 87 60 25 61 66 67 68 30 77 26 94 9 78 42 80 28 82 88 95 38 89 90 27 36 92 98 29 10 99 11 2 12 13 31 43 35 }
INDIVIDUO 40 = {FUNCION OBJETIVO (km): 42969, RECORRIDO: 86 76 77 87 48 6 16 95 98 17 63 45 67 49 13 42 96 64 46 53 91 15 59 1 36 54 97 7 8 43 21 99 19 35 89 2 9 65 90 51 68 92 44 69 47 85 28 29 32 40 3 12 39 83 37 94 14 55 71 50 4 52 57 72 30 88 38 93 31 41 56 58 5 84 10 11 33 70 18 20 60 66 22 23 61 24 25 26 78 34 62 73 74 27 75 79 80 81 82 }
INDIVIDUO 41 = {FUNCION OBJETIVO (km): 47876, RECORRIDO: 4 13 76 6 68 99 21 22 23 95 39 19 1 2 31 96 65 80 41 3 54 45 40 77 32 8 66 9 89 67 44 5 71 7 79 42 91 72 10 78 43 92 87 11 33 75 69 46 12 55 51 70 47 73 24 56 14 74 97 81 25 57 26 15 82 34 48 16 27 28 93 17 86 18 20 29 83 30 84 58 36 59 35 85 37 90 38 49 50 98 88 52 53 94 60 61 62 63 64 }
INDIVIDUO 42 = {FUNCION OBJETIVO (km): 52414, RECORRIDO: 57 90 18 30 15 95 77 87 46 39 41 40 65 91 33 64 81 60 37 42 88 19 45 22 8 14 43 47 25 86 23 48 44 84 75 50 51 31 38 17 69 49 70 85 35 82 59 20 68 92 52 71 3 61 21 32 89 53 54 55 4 56 9 62 34 5 36 58 63 66 67 72 83 93 73 94 11 26 6 24 74 76 78 7 80 79 96 97 98 99 1 12 2 10 13 16 27 28 29 }
INDIVIDUO 43 = {FUNCION OBJETIVO (km): 46869, RECORRIDO: 36 45 6 78 4 22 33 5 29 3 34 69 39 7 19 57 64 37 11 65 54 8 66 9 59 16 58 31 17 70 99 44 67 28 96 95 85 98 38 94 74 43 40 46 12 56 97 18 86 87 47 10 60 88 93 68 20 89 13 41 48 21 23 25 14 42 24 1 2 61 15 49 62 26 50 79 51 90 27 63 30 32 35 52 91 92 53 55 71 72 73 75 76 77 80 81 82 83 84 }
INDIVIDUO 44 = {FUNCION OBJETIVO (km): 50106, RECORRIDO: 91 48 78 93 45 39 75 27 34 7 8 15 44 51 81 36 90 30 37 55 10 24 88 80 9 32 23 86 94 84 82 92 76 25 41 72 95 74 22 46 18 96 61 21 67 97 79 83 98 6 38 77 68 26 64 12 11 73 89 85 16 47 1 71 87 28 13 49 2 99 69 3 29 31 14 4 5 33 17 19 20 35 40 42 43 59 50 52 53 54 56 57 58 60 62 63 65 66 70 }
INDIVIDUO 45 = {FUNCION OBJETIVO (km): 48624, RECORRIDO: 79 65 13 64 70 31 32 80 12 36 26 27 73 43 28 87 2 29 95 30 89 90 54 44 17 14 33 46 52 47 15 35 42 55 72 86 71 91 40 58 81 66 56 85 92 9 74 67 75 4 57 39 10 38 7 68 78 34 69 88 76 41 50 5 6 24 59 96 61 8 93 82 37 45 63 48 49 11 77 83 60 51 53 84 62 94 97 98 16 99 1 3 18 19 20 22 21 23 25 }
INDIVIDUO 46 = {FUNCION OBJETIVO (km): 52710, RECORRIDO: 95 35 89 80 94 8 85 26 16 70 42 52 19 17 13 45 7 88 90 14 82 27 15 67 91 87 25 9 86 6 49 40 32 63 43 46 53 79 33 92 36 65 18 48 71 54 72 41 10 81 37 50 28 74 21 44 68 59 20 51 47 11 69 34 22 83 12 55 38 39 73 93 75 61 96 56 57 58 60 62 76 23 24 64 66 84 97 77 29 98 78 99 1 2 30 3 4 5 31 }
INDIVIDUO 47 = {FUNCION OBJETIVO (km): 44146, RECORRIDO: 56 23 38 59 97 74 84 24 39 98 99 90 40 31 96 95 41 79 1 81 29 2 43 55 94 42 30 70 44 45 86 3 46 69 47 75 5 6 27 4 71 76 17 93 28 48 35 7 49 50 8 51 72 19 9 67 52 53 60 25 65 26 54 57 80 73 68 88 61 58 10 32 77 33 82 83 62 63 85 20 87 11 12 34 16 64 66 13 78 89 91 14 92 15 18 21 22 36 37 }
INDIVIDUO 48 = {FUNCION OBJETIVO (km): 51786, RECORRIDO: 29 74 56 86 28 96 88 73 59 92 10 6 64 76 15 87 77 5 23 53 3 14 48 37 79 4 44 89 75 20 78 63 61 34 35 80 25 36 90 11 65 30 47 26 40 42 81 43 68 82 45 91 38 12 18 83 39 71 50 98 85 46 93 24 94 7 49 84 54 19 58 16 66 13 51 41 57 52 95 21 69 55 97 99 1 31 2 8 27 32 60 62 33 67 9 70 17 22 72 }
INDIVIDUO 49 = {FUNCION OBJETIVO (km): 56173, RECORRIDO: 56 65 94 73 24 90 25 71 15 45 27 46 22 7 67 77 43 26 66 47 13 19 23 48 44 81 58 14 2 11 6 35 29 5 87 33 78 76 28 49 61 59 30 39 37 17 50 75 93 16 38 31 51 21 86 3 10 18 84 57 52 53 63 40 34 60 62 64 72 4 41 42 8 55 12 54 32 80 88 36 9 68 69 70 74 79 82 92 83 85 89 91 95 96 97 98 20 99 1 }
INDIVIDUO 50 = {FUNCION OBJETIVO (km): 4773, RECORRIDO: 42 16 32 15 66 72 35 99 28 92 56 57 87 4 74 18 63 91 75 67 8 77 73 10 38 52 90 70 12 55 86 5 13 65 85 64 7 94 80 37 68 48 51 22 11 30 21 40 59 44 89 19 50 36 47 31 62 95 46 39 9 27 29 43 3 24 34 33 78 1 82 58 53 60 26 2 69 84 14 25 49 88 6 93 41 76 54 23 45 98 71 83 81 97 17 20 79 61 96 }
INDIVIDUO 51 = {FUNCION OBJETIVO (km): 4805, RECORRIDO: 23 64 7 94 80 65 13 5 60 91 75 32 16 42 70 90 52 38 10 73 77 99 28 92 56 57 87 4 74 18 63 8 66 15 1 82 58 53 11 30 21 40 59 44 55 12 45 84 14 25 37 68 48 51 22 93 6 98 31 47 36 50 19 89 27 9 39 46 95 62 88 49 71 43 3 24 34 33 78 35 72 86 41 76 54 20 79 61 29 2 69 17 97 81 83 67 96 85 26 }
INDIVIDUO 52 = {FUNCION OBJETIVO (km): 5113, RECORRIDO: 80 65 13 5 60 91 75 32 16 42 70 90 52 38 10 73 77 99 28 92 56 57 87 4 74 18 63 8 66 15 1 82 58 53 11 30 21 40 59 44 55 12 45 84 14 25 37 68 48 51 22 93 6 7 94 86 72 35 78 47 36 50 19 89 27 9 39 46 95 62 31 98 85 64 23 34 33 41 43 3 24 83 49 88 67 96 69 2 26 79 61 76 54 20 17 97 81 29 71 }
INDIVIDUO 53 = {FUNCION OBJETIVO (km): 5387, RECORRIDO: 15 66 72 35 99 28 92 56 57 87 4 74 18 63 91 75 32 16 42 70 90 52 38 10 73 77 8 67 80 65 13 5 60 53 58 82 3 43 26 2 69 84 14 25 37 68 48 51 22 11 30 21 40 59 44 55 12 45 76 54 34 33 95 46 7 94 86 50 19 89 27 9 39 93 6 98 31 47 36 24 83 64 23 85 17 97 81 49 88 62 29 61 79 20 41 78 1 71 96 }
INDIVIDUO 54 = {FUNCION OBJETIVO (km): 4866, RECORRIDO: 30 11 22 82 58 53 57 56 41 15 66 72 35 99 28 92 61 76 54 34 33 55 12 45 84 13 65 85 64 7 94 80 37 68 38 52 4 74 18 63 91 75 32 16 42 70 90 89 19 50 36 47 31 62 95 46 39 9 27 59 44 40 21 14 25 10 73 77 8 67 96 69 2 48 51 24 3 43 26 60 5 86 87 1 78 98 6 93 29 17 97 81 49 88 20 79 23 71 83 }
INDIVIDUO 55 = {FUNCION OBJETIVO (km): 6255, RECORRIDO: 87 57 56 41 15 66 72 35 99 28 92 61 76 54 34 33 55 12 45 84 13 65 85 64 7 94 80 37 68 38 52 4 74 18 63 91 75 32 16 42 70 90 89 19 50 36 47 31 62 95 46 39 9 27 59 44 40 21 14 25 10 73 77 8 67 96 22 11 30 79 20 17 97 81 48 51 24 3 43 26 60 5 86 78 1 82 58 53 71 49 88 6 93 29 2 69 83 23 98 }
INDIVIDUO 56 = {FUNCION OBJETIVO (km): 5538, RECORRIDO: 17 59 44 55 12 45 57 56 41 15 66 72 35 99 28 92 61 76 54 34 33 95 46 7 94 80 65 13 5 60 91 75 32 16 42 70 90 52 38 10 73 77 8 67 62 50 19 21 40 98 6 58 82 3 43 26 2 69 84 14 25 37 68 48 51 74 4 87 89 27 9 39 93 22 11 30 79 20 88 49 71 53 1 78 47 36 24 83 64 23 85 63 18 97 81 86 96 29 31 }
INDIVIDUO 57 = {FUNCION OBJETIVO (km): 5480, RECORRIDO: 98 40 21 19 50 36 47 31 52 38 10 73 77 99 28 92 56 57 87 4 74 18 63 91 75 32 16 42 70 90 12 55 86 72 35 78 13 65 85 64 7 94 80 37 68 48 51 22 11 30 79 61 76 54 34 33 95 46 39 9 27 59 44 89 2 69 82 58 53 60 5 1 15 66 8 67 62 88 49 71 43 3 24 83 81 97 17 23 84 14 25 41 93 6 45 29 26 20 96 }
INDIVIDUO 58 = {FUNCION OBJETIVO (km): 4491, RECORRIDO: 27 59 44 55 12 45 57 56 41 15 66 72 35 99 28 92 61 76 54 34 33 95 46 7 94 80 65 13 5 60 91 75 32 16 42 70 90 52 38 10 73 77 8 67 62 50 19 21 40 98 6 58 82 3 43 26 2 69 84 14 25 37 68 48 51 74 4 87 89 47 36 24 83 64 23 85 63 18 49 88 31 39 9 29 93 22 11 30 79 20 17 97 81 86 78 1 53 71 96 }
INDIVIDUO 59 = {FUNCION OBJETIVO (km): 5098, RECORRIDO: 92 28 99 35 72 66 15 32 16 42 70 90 52 38 10 73 77 8 67 75 91 63 5 13 65 85 64 7 94 80 37 68 48 51 74 4 87 57 56 41 50 19 21 40 59 44 55 12 45 84 14 25 53 58 82 3 43 26 60 18 49 88 62 95 46 39 9 27 89 47 36 24 34 33 78 1 22 11 30 79 61 76 54 23 17 97 81 83 31 98 6 93 29 2 69 96 86 20 71 }
INDIVIDUO 60 = {FUNCION OBJETIVO (km): 4779, RECORRIDO: 73 77 99 28 92 56 57 87 4 74 18 63 91 75 32 16 42 70 90 52 38 10 59 44 55 12 45 84 13 65 85 64 7 94 80 37 68 48 51 22 11 30 21 40 98 6 58 82 3 43 26 60 5 19 50 36 47 31 62 95 46 39 9 27 89 2 69 72 35 78 1 15 66 8 67 96 14 25 53 71 49 88 86 41 76 54 34 33 23 17 97 81 83 24 61 79 20 29 93 }
INDIVIDUO 61 = {FUNCION OBJETIVO (km): 4578, RECORRIDO: 16 32 15 66 72 35 99 28 92 56 57 87 4 74 18 63 91 75 67 8 77 73 10 38 52 90 70 12 55 86 5 13 65 85 64 7 94 80 37 68 48 51 22 11 30 21 40 59 44 89 19 50 36 47 31 62 95 46 39 9 27 29 43 3 24 34 33 78 1 82 58 53 60 26 2 69 84 14 25 49 88 6 93 41 76 54 23 45 98 71 83 81 97 17 20 79 61 42 96 }
INDIVIDUO 62 = {FUNCION OBJETIVO (km): 5897, RECORRIDO: 70 90 52 38 10 73 77 99 28 92 56 57 87 4 74 18 63 91 75 32 16 42 48 51 22 11 30 80 65 13 5 60 53 58 82 3 43 26 2 69 84 14 25 37 68 76 54 34 33 55 12 45 98 40 21 19 50 36 47 31 62 95 46 7 94 86 72 35 78 1 15 66 8 67 96 64 23 85 44 59 27 9 39 93 6 97 17 24 83 49 88 20 79 61 29 89 41 71 81 }
INDIVIDUO 63 = {FUNCION OBJETIVO (km): 5030, RECORRIDO: 97 17 59 44 55 12 45 57 56 41 15 66 72 35 99 28 92 61 76 54 34 33 95 46 7 94 80 65 13 5 60 91 75 32 16 42 70 90 52 38 10 73 77 8 67 62 50 19 21 40 98 6 58 82 3 43 26 2 69 84 14 25 37 68 48 51 74 4 87 89 27 9 39 93 22 11 30 79 20 88 49 71 53 1 78 47 36 24 83 64 23 85 63 18 31 81 86 96 29 }
INDIVIDUO 64 = {FUNCION OBJETIVO (km): 5629, RECORRIDO: 65 13 5 60 91 75 32 16 42 70 90 52 38 10 73 77 99 28 92 56 57 87 4 74 18 63 8 66 15 1 82 58 53 11 30 80 37 68 48 51 22 93 6 7 94 86 55 12 45 84 14 25 39 9 27 59 44 64 23 34 33 95 46 72 35 78 47 36 50 19 21 40 98 31 62 88 49 71 43 3 24 83 81 97 17 69 2 89 61 76 54 20 79 26 41 85 96 67 29 }
INDIVIDUO 65 = {FUNCION OBJETIVO (km): 4855, RECORRIDO: 56 57 87 4 74 18 63 91 75 32 16 42 70 90 52 38 10 73 77 99 28 92 61 76 54 34 33 55 12 45 84 13 65 85 64 7 94 80 37 68 48 51 22 11 30 21 40 59 44 89 19 50 36 47 31 62 95 46 39 9 27 29 43 3 24 83 35 72 66 15 1 82 58 53 60 5 86 41 93 6 98 78 71 49 88 14 25 2 69 17 97 8 67 96 20 79 26 23 81 }
INDIVIDUO 66 = {FUNCION OBJETIVO (km): 4796, RECORRIDO: 5 13 65 85 64 7 94 80 37 68 38 52 4 74 18 63 91 75 32 16 42 70 90 12 55 86 72 35 99 28 92 56 57 87 89 19 50 36 47 31 62 95 46 39 9 27 59 44 40 21 14 25 10 73 77 8 66 15 1 82 58 53 11 30 79 61 76 54 34 33 78 98 6 93 3 43 26 60 67 96 22 51 48 2 69 84 45 23 17 97 81 49 88 20 41 24 83 71 29 }
INDIVIDUO 67 = {FUNCION OBJETIVO (km): 4693, RECORRIDO: 66 15 32 16 42 70 90 52 38 10 73 77 99 28 92 56 57 87 4 74 18 63 91 75 67 8 29 43 3 24 34 33 55 12 45 84 13 65 85 64 7 94 80 37 68 48 51 22 11 30 21 40 59 44 89 19 50 36 47 31 62 95 46 39 9 27 54 76 61 79 20 14 25 53 58 82 1 78 35 72 86 5 60 26 2 69 6 93 41 17 97 81 49 88 96 23 71 98 83 }
INDIVIDUO 68 = {FUNCION OBJETIVO (km): 4305, RECORRIDO: 91 75 32 16 42 70 90 52 38 10 73 77 99 28 92 56 57 87 4 74 18 63 5 13 65 85 64 7 94 80 37 68 48 51 22 11 30 21 40 59 44 55 12 45 84 14 25 53 58 82 3 43 26 60 39 9 27 89 19 50 36 47 31 62 95 46 72 35 78 1 15 66 8 67 96 69 2 23 34 33 41 76 54 20 79 61 29 93 6 98 71 49 88 86 81 97 17 24 83 }
INDIVIDUO 69 = {FUNCION OBJETIVO (km): 4884, RECORRIDO: 96 64 7 94 80 65 13 5 60 91 75 32 16 42 70 90 52 38 10 73 77 99 28 92 56 57 87 4 74 18 63 8 66 15 1 82 58 53 11 30 21 40 59 44 55 12 45 84 14 25 37 68 48 51 22 93 6 98 31 47 36 50 19 89 27 9 39 46 95 62 88 49 71 43 3 24 34 33 78 35 72 86 41 76 54 23 85 17 97 81 83 67 2 69 29 61 79 20 26 }
INDIVIDUO 70 = {FUNCION OBJETIVO (km): 4772, RECORRIDO: 95 46 7 94 80 65 13 5 60 91 75 32 16 42 70 90 52 38 10 73 77 99 28 92 56 57 87 4 74 18 63 8 66 15 1 82 58 53 11 30 21 40 59 44 55 12 45 84 14 25 37 68 48 51 22 93 6 98 31 47 36 50 19 89 27 9 39 61 76 54 34 33 78 35 72 86 41 43 3 24 83 64 23 85 17 97 81 49 88 62 67 96 69 2 26 79 20 71 29 }
INDIVIDUO 71 = {FUNCION OBJETIVO (km): 5330, RECORRIDO: 53 57 56 41 15 66 72 35 99 28 92 61 76 54 34 33 55 12 45 84 13 65 85 64 7 94 80 37 68 38 52 4 74 18 63 91 75 32 16 42 70 90 89 19 50 36 47 31 62 95 46 39 9 27 59 44 40 21 14 25 10 73 77 8 67 96 22 11 30 79 20 17 97 81 48 51 24 3 43 26 60 5 86 87 1 82 58 6 93 29 2 69 49 88 78 98 71 23 83 }
INDIVIDUO 72 = {FUNCION OBJETIVO (km): 6185, RECORRIDO: 32 16 42 70 90 52 38 10 73 77 99 28 92 56 57 87 4 74 18 63 91 75 67 8 66 15 1 82 58 53 11 30 80 65 13 5 60 39 9 27 59 44 55 12 45 84 14 25 37 68 48 51 22 93 6 7 94 86 72 35 78 47 36 50 19 21 40 98 31 62 95 46 69 2 89 64 23 34 33 41 43 3 24 83 49 88 20 79 61 76 54 85 17 97 81 96 26 71 29 }
INDIVIDUO 73 = {FUNCION OBJETIVO (km): 4693, RECORRIDO: 66 15 32 16 42 70 90 52 38 10 73 77 99 28 92 56 57 87 4 74 18 63 91 75 67 8 29 43 3 24 34 33 55 12 45 84 13 65 85 64 7 94 80 37 68 48 51 22 11 30 21 40 59 44 89 19 50 36 47 31 62 95 46 39 9 27 54 76 61 79 20 14 25 53 58 82 1 78 35 72 86 5 60 26 2 69 6 93 41 17 97 81 49 88 96 23 71 98 83 }
INDIVIDUO 74 = {FUNCION OBJETIVO (km): 4884, RECORRIDO: 96 64 7 94 80 65 13 5 60 91 75 32 16 42 70 90 52 38 10 73 77 99 28 92 56 57 87 4 74 18 63 8 66 15 1 82 58 53 11 30 21 40 59 44 55 12 45 84 14 25 37 68 48 51 22 93 6 98 31 47 36 50 19 89 27 9 39 46 95 62 88 49 71 43 3 24 34 33 78 35 72 86 41 76 54 23 85 17 97 81 83 67 2 69 29 61 79 20 26 }
INDIVIDUO 75 = {FUNCION OBJETIVO (km): 4866, RECORRIDO: 30 11 22 82 58 53 57 56 41 15 66 72 35 99 28 92 61 76 54 34 33 55 12 45 84 13 65 85 64 7 94 80 37 68 38 52 4 74 18 63 91 75 32 16 42 70 90 89 19 50 36 47 31 62 95 46 39 9 27 59 44 40 21 14 25 10 73 77 8 67 96 69 2 48 51 24 3 43 26 60 5 86 87 1 78 98 6 93 29 17 97 81 49 88 20 79 23 71 83 }
INDIVIDUO 76 = {FUNCION OBJETIVO (km): 4913, RECORRIDO: 58 82 3 43 26 60 5 13 65 85 64 7 94 80 37 68 38 52 4 74 18 63 91 75 32 16 42 70 90 12 55 86 72 35 99 28 92 56 57 87 89 19 50 36 47 31 62 95 46 39 9 27 59 44 40 21 14 25 10 73 77 8 66 15 1 78 34 33 23 11 30 79 61 76 54 22 51 48 2 69 84 45 98 6 93 29 53 71 49 88 67 96 20 17 97 81 83 24 41 }
INDIVIDUO 77 = {FUNCION OBJETIVO (km): 5184, RECORRIDO: 29 43 3 24 34 33 55 12 45 57 56 41 15 66 72 35 99 28 92 61 76 54 27 59 44 64 7 94 80 65 13 5 60 91 75 32 16 42 70 90 52 38 10 73 77 8 67 62 95 46 39 9 87 4 74 18 63 98 40 21 19 50 36 47 31 1 82 58 53 11 30 79 20 14 25 37 68 48 51 22 93 6 69 2 89 78 86 81 49 88 84 23 85 17 97 26 83 71 96 }
INDIVIDUO 78 = {FUNCION OBJETIVO (km): 5701, RECORRIDO: 59 44 55 12 45 57 56 41 15 66 72 35 99 28 92 61 76 54 34 33 95 46 7 94 80 65 13 5 60 91 75 32 16 42 70 90 52 38 10 73 77 8 67 62 50 19 21 40 98 6 58 82 3 43 26 2 69 84 14 25 37 68 48 51 74 4 87 89 27 9 39 93 22 11 30 79 20 17 97 81 64 23 85 47 36 24 83 49 88 31 1 78 86 96 63 18 29 53 71 }
INDIVIDUO 79 = {FUNCION OBJETIVO (km): 4884, RECORRIDO: 96 64 7 94 80 65 13 5 60 91 75 32 16 42 70 90 52 38 10 73 77 99 28 92 56 57 87 4 74 18 63 8 66 15 1 82 58 53 11 30 21 40 59 44 55 12 45 84 14 25 37 68 48 51 22 93 6 98 31 47 36 50 19 89 27 9 39 46 95 62 88 49 71 43 3 24 34 33 78 35 72 86 41 76 54 23 85 17 97 81 83 67 2 69 29 61 79 20 26 }
INDIVIDUO 80 = {FUNCION OBJETIVO (km): 4796, RECORRIDO: 5 13 65 85 64 7 94 80 37 68 38 52 4 74 18 63 91 75 32 16 42 70 90 12 55 86 72 35 99 28 92 56 57 87 89 19 50 36 47 31 62 95 46 39 9 27 59 44 40 21 14 25 10 73 77 8 66 15 1 82 58 53 11 30 79 61 76 54 34 33 78 98 6 93 3 43 26 60 67 96 22 51 48 2 69 84 45 23 17 97 81 49 88 20 41 24 83 71 29 }
INDIVIDUO 81 = {FUNCION OBJETIVO (km): 5441, RECORRIDO: 6 58 82 3 43 26 60 5 13 65 85 64 7 94 80 37 68 38 52 4 74 18 63 91 75 32 16 42 70 90 12 55 86 72 35 99 28 92 56 57 87 89 19 50 36 47 31 62 95 46 39 9 27 59 44 40 21 14 25 10 73 77 8 66 15 1 78 34 33 23 11 30 79 61 76 54 22 51 48 2 69 84 45 98 71 49 88 67 96 20 17 97 81 83 24 41 93 29 53 }
INDIVIDUO 82 = {FUNCION OBJETIVO (km): 5353, RECORRIDO: 85 65 13 5 60 91 75 32 16 42 70 90 52 38 10 73 77 99 28 92 56 57 87 4 74 18 63 8 66 15 1 82 58 53 11 30 80 37 68 48 51 22 93 6 7 94 86 55 12 45 84 14 25 39 9 27 59 44 64 23 34 33 95 46 72 35 78 47 36 50 19 21 40 98 31 62 88 49 71 43 3 24 83 81 97 17 69 2 89 61 76 54 20 79 26 41 29 67 96 }
INDIVIDUO 83 = {FUNCION OBJETIVO (km): 4636, RECORRIDO: 76 54 34 33 55 12 45 57 56 41 15 66 72 35 99 28 92 61 38 52 4 74 18 63 91 75 32 16 42 70 90 89 19 50 36 47 31 62 95 46 7 94 80 65 13 5 60 53 58 82 3 43 26 2 69 84 14 25 37 68 48 51 22 11 30 21 40 59 44 64 23 85 98 6 93 39 9 27 29 8 77 73 10 49 88 67 96 78 1 87 86 81 97 17 24 83 71 20 79 }
INDIVIDUO 84 = {FUNCION OBJETIVO (km): 4981, RECORRIDO: 90 70 12 55 86 72 35 99 28 92 56 57 87 4 74 18 63 91 75 32 16 42 48 51 22 11 30 38 52 1 82 58 53 60 5 13 65 85 64 7 94 80 37 68 2 69 84 14 25 10 73 77 8 66 15 41 50 19 21 40 59 44 89 27 9 39 93 6 98 31 47 36 24 3 43 26 79 61 76 54 34 33 95 46 67 62 88 49 71 78 97 17 23 45 29 81 83 20 96 }
INDIVIDUO 85 = {FUNCION OBJETIVO (km): 5418, RECORRIDO: 71 49 88 52 38 10 73 77 99 28 92 56 57 87 4 74 18 63 91 75 32 16 42 70 90 12 55 86 72 35 78 13 65 85 64 7 94 80 37 68 48 51 22 11 30 21 40 59 44 89 19 50 36 47 31 62 95 46 39 9 27 29 43 3 24 34 33 23 84 14 25 53 58 82 1 15 66 8 67 96 69 2 26 60 5 76 54 20 79 61 93 6 98 45 81 97 17 41 83 }
INDIVIDUO 86 = {FUNCION OBJETIVO (km): 5456, RECORRIDO: 75 91 63 5 13 65 85 64 7 94 80 37 68 38 52 4 74 18 60 53 57 56 41 15 66 72 35 99 28 92 61 76 54 34 33 55 12 45 84 14 25 10 73 77 8 67 62 95 46 39 9 27 59 44 89 19 50 36 47 31 98 40 21 30 11 22 82 58 6 93 3 43 26 2 69 90 70 42 16 32 24 87 86 78 1 79 20 17 97 81 48 51 83 49 88 96 23 71 29 }
INDIVIDUO 87 = {FUNCION OBJETIVO (km): 6425, RECORRIDO: 36 47 31 52 38 10 73 77 99 28 92 56 57 87 4 74 18 63 91 75 32 16 42 70 90 12 55 86 72 35 78 13 65 85 64 7 94 80 37 68 48 51 22 11 30 21 40 59 44 89 19 50 34 33 95 46 39 9 27 29 43 3 24 83 49 88 14 25 53 58 82 1 15 66 8 67 62 96 69 2 26 60 5 76 54 23 84 45 98 6 93 41 20 79 61 71 97 17 81 }
INDIVIDUO 88 = {FUNCION OBJETIVO (km): 6112, RECORRIDO: 26 43 3 24 34 33 55 12 45 57 56 41 15 66 72 35 99 28 92 61 76 54 27 59 44 64 7 94 80 65 13 5 60 91 75 32 16 42 70 90 52 38 10 73 77 8 67 62 95 46 39 9 87 4 74 18 63 98 40 21 19 50 36 47 31 1 82 58 53 11 30 79 20 14 25 37 68 48 51 22 93 6 69 2 89 78 86 81 49 88 84 23 85 17 97 83 71 29 96 }
INDIVIDUO 89 = {FUNCION OBJETIVO (km): 4796, RECORRIDO: 5 13 65 85 64 7 94 80 37 68 38 52 4 74 18 63 91 75 32 16 42 70 90 12 55 86 72 35 99 28 92 56 57 87 89 19 50 36 47 31 62 95 46 39 9 27 59 44 40 21 14 25 10 73 77 8 66 15 1 82 58 53 11 30 79 61 76 54 34 33 78 98 6 93 3 43 26 60 67 96 22 51 48 2 69 84 45 23 17 97 81 49 88 20 41 24 83 71 29 }
INDIVIDUO 90 = {FUNCION OBJETIVO (km): 5013, RECORRIDO: 89 19 50 36 47 31 52 38 10 73 77 99 28 92 56 57 87 4 74 18 63 91 75 32 16 42 70 90 12 55 86 72 35 78 13 65 85 64 7 94 80 37 68 48 51 22 11 30 21 40 59 44 20 14 25 53 58 82 3 43 26 60 5 76 54 34 33 95 46 39 9 27 29 8 66 15 1 69 2 67 62 88 49 71 98 6 93 41 17 97 81 84 45 23 79 61 24 83 96 }
INDIVIDUO 91 = {FUNCION OBJETIVO (km): 4885, RECORRIDO: 7 94 80 65 13 5 60 91 75 32 16 42 70 90 52 38 10 73 77 99 28 92 56 57 87 4 74 18 63 8 66 15 1 82 58 53 11 30 21 40 59 44 55 12 45 84 14 25 37 68 48 51 22 93 6 98 31 47 36 50 19 89 27 9 39 46 95 62 88 49 71 43 3 24 34 33 78 35 72 86 41 76 54 23 64 85 17 97 81 83 67 96 69 2 26 79 61 20 29 }
INDIVIDUO 92 = {FUNCION OBJETIVO (km): 5418, RECORRIDO: 71 49 88 52 38 10 73 77 99 28 92 56 57 87 4 74 18 63 91 75 32 16 42 70 90 12 55 86 72 35 78 13 65 85 64 7 94 80 37 68 48 51 22 11 30 21 40 59 44 89 19 50 36 47 31 62 95 46 39 9 27 29 43 3 24 34 33 23 84 14 25 53 58 82 1 15 66 8 67 96 69 2 26 60 5 76 54 20 79 61 93 6 98 45 81 97 17 41 83 }
INDIVIDUO 93 = {FUNCION OBJETIVO (km): 5626, RECORRIDO: 48 51 74 4 52 38 10 73 77 99 28 92 56 57 87 89 19 50 36 47 31 55 12 45 84 13 65 85 64 7 94 80 37 68 2 69 82 58 53 11 30 21 40 59 44 90 70 42 16 32 15 66 72 35 78 1 91 75 67 8 63 5 60 18 49 88 14 25 39 9 27 29 43 3 24 34 33 95 46 86 41 76 54 22 93 6 98 71 23 17 97 81 83 20 79 61 26 96 62 }
INDIVIDUO 94 = {FUNCION OBJETIVO (km): 6112, RECORRIDO: 26 43 3 24 34 33 55 12 45 57 56 41 15 66 72 35 99 28 92 61 76 54 27 59 44 64 7 94 80 65 13 5 60 91 75 32 16 42 70 90 52 38 10 73 77 8 67 62 95 46 39 9 87 4 74 18 63 98 40 21 19 50 36 47 31 1 82 58 53 11 30 79 20 14 25 37 68 48 51 22 93 6 69 2 89 78 86 81 49 88 84 23 85 17 97 83 71 29 96 }
INDIVIDUO 95 = {FUNCION OBJETIVO (km): 5211, RECORRIDO: 94 7 46 95 62 38 52 4 74 18 63 91 75 32 16 42 70 90 12 55 86 72 35 99 28 92 56 57 87 89 19 50 36 47 31 98 40 21 14 25 37 68 48 51 22 11 30 80 65 13 5 60 53 58 82 3 43 26 2 69 84 45 76 54 34 33 78 1 15 66 8 77 73 10 59 44 64 23 85 17 97 81 49 88 67 96 9 27 29 93 6 39 61 79 20 41 24 83 71 }
INDIVIDUO 96 = {FUNCION OBJETIVO (km): 5184, RECORRIDO: 29 43 3 24 34 33 55 12 45 57 56 41 15 66 72 35 99 28 92 61 76 54 27 59 44 64 7 94 80 65 13 5 60 91 75 32 16 42 70 90 52 38 10 73 77 8 67 62 95 46 39 9 87 4 74 18 63 98 40 21 19 50 36 47 31 1 82 58 53 11 30 79 20 14 25 37 68 48 51 22 93 6 69 2 89 78 86 81 49 88 84 23 85 17 97 26 83 71 96 }
INDIVIDUO 97 = {FUNCION OBJETIVO (km): 5538, RECORRIDO: 17 59 44 55 12 45 57 56 41 15 66 72 35 99 28 92 61 76 54 34 33 95 46 7 94 80 65 13 5 60 91 75 32 16 42 70 90 52 38 10 73 77 8 67 62 50 19 21 40 98 6 58 82 3 43 26 2 69 84 14 25 37 68 48 51 74 4 87 89 27 9 39 93 22 11 30 79 20 88 49 71 53 1 78 47 36 24 83 64 23 85 63 18 97 81 86 96 29 31 }
INDIVIDUO 98 = {FUNCION OBJETIVO (km): 5313, RECORRIDO: 55 12 45 57 56 41 15 66 72 35 99 28 92 61 76 54 34 33 95 46 7 94 80 65 13 5 60 91 75 32 16 42 70 90 52 38 10 73 77 8 67 62 50 19 21 40 59 44 64 23 85 98 6 58 82 3 43 26 2 69 84 14 25 37 68 48 51 74 4 87 89 27 9 39 93 22 11 30 79 20 17 97 81 49 88 31 47 36 24 83 53 71 78 1 86 96 63 18 29 }
INDIVIDUO 99 = {FUNCION OBJETIVO (km): 5456, RECORRIDO: 75 91 63 5 13 65 85 64 7 94 80 37 68 38 52 4 74 18 60 53 57 56 41 15 66 72 35 99 28 92 61 76 54 34 33 55 12 45 84 14 25 10 73 77 8 67 62 95 46 39 9 27 59 44 89 19 50 36 47 31 98 40 21 30 11 22 82 58 6 93 3 43 26 2 69 90 70 42 16 32 24 87 86 78 1 79 20 17 97 81 48 51 83 49 88 96 23 71 29 }

