
ITERACION:  0

INTERMCAMBIO: ( 73 ,  57 )

RECORRIDO:  [53, 50, 32, 63, 29, 22, 25, 49, 3, 54, 33, 26, 15, 56, 20, 19, 23, 30, 16, 60, 95, 21, 86, 10, 83, 87, 52, 61, 88, 17, 27, 77, 12, 91, 85, 41, 93, 58, 84, 28, 80, 24, 8, 31, 99, 66, 90, 67, 59, 97, 89, 92, 94, 51, 34, 96, 35, 64, 81, 75, 68, 62, 57, 39, 1, 36, 69, 37, 38, 40, 18, 55, 2, 98, 42, 43, 44, 4, 5, 65, 6, 7, 70, 71, 45, 72, 73, 14, 46, 9, 47, 48, 74, 82, 76, 78, 11, 79, 13]

COSTE(km):  45073

ITERACIONES SIN MEJORA:  0

	 [73, 57]

ITERACION:  1

INTERMCAMBIO: ( 48 ,  32 )

RECORRIDO:  [53, 50, 32, 63, 29, 22, 25, 49, 3, 54, 33, 26, 15, 56, 20, 19, 23, 30, 16, 60, 95, 21, 86, 10, 83, 87, 52, 61, 88, 17, 27, 77, 59, 91, 85, 41, 93, 58, 84, 28, 80, 24, 8, 31, 99, 66, 90, 67, 12, 97, 89, 92, 94, 51, 34, 96, 35, 64, 81, 75, 68, 62, 57, 39, 1, 36, 69, 37, 38, 40, 18, 55, 2, 98, 42, 43, 44, 4, 5, 65, 6, 7, 70, 71, 45, 72, 73, 14, 46, 9, 47, 48, 74, 82, 76, 78, 11, 79, 13]

COSTE(km):  42450

ITERACIONES SIN MEJORA:  0

	 [73, 57]

	 [48, 32]

ITERACION:  2

INTERMCAMBIO: ( 81 ,  1 )

RECORRIDO:  [53, 7, 32, 63, 29, 22, 25, 49, 3, 54, 33, 26, 15, 56, 20, 19, 23, 30, 16, 60, 95, 21, 86, 10, 83, 87, 52, 61, 88, 17, 27, 77, 59, 91, 85, 41, 93, 58, 84, 28, 80, 24, 8, 31, 99, 66, 90, 67, 12, 97, 89, 92, 94, 51, 34, 96, 35, 64, 81, 75, 68, 62, 57, 39, 1, 36, 69, 37, 38, 40, 18, 55, 2, 98, 42, 43, 44, 4, 5, 65, 6, 50, 70, 71, 45, 72, 73, 14, 46, 9, 47, 48, 74, 82, 76, 78, 11, 79, 13]

COSTE(km):  40294

ITERACIONES SIN MEJORA:  0

	 [73, 57]

	 [48, 32]

	 [81, 1]

ITERACION:  3

INTERMCAMBIO: ( 27 ,  17 )

RECORRIDO:  [53, 7, 32, 63, 29, 22, 25, 49, 3, 54, 33, 26, 15, 56, 20, 19, 23, 61, 16, 60, 95, 21, 86, 10, 83, 87, 52, 30, 88, 17, 27, 77, 59, 91, 85, 41, 93, 58, 84, 28, 80, 24, 8, 31, 99, 66, 90, 67, 12, 97, 89, 92, 94, 51, 34, 96, 35, 64, 81, 75, 68, 62, 57, 39, 1, 36, 69, 37, 38, 40, 18, 55, 2, 98, 42, 43, 44, 4, 5, 65, 6, 50, 70, 71, 45, 72, 73, 14, 46, 9, 47, 48, 74, 82, 76, 78, 11, 79, 13]

COSTE(km):  38364

ITERACIONES SIN MEJORA:  0

	 [73, 57]

	 [48, 32]

	 [81, 1]

	 [27, 17]

ITERACION:  4

INTERMCAMBIO: ( 60 ,  49 )

RECORRIDO:  [53, 7, 32, 63, 29, 22, 25, 49, 3, 54, 33, 26, 15, 56, 20, 19, 23, 61, 16, 60, 95, 21, 86, 10, 83, 87, 52, 30, 88, 17, 27, 77, 59, 91, 85, 41, 93, 58, 84, 28, 80, 24, 8, 31, 99, 66, 90, 67, 12, 68, 89, 92, 94, 51, 34, 96, 35, 64, 81, 75, 97, 62, 57, 39, 1, 36, 69, 37, 38, 40, 18, 55, 2, 98, 42, 43, 44, 4, 5, 65, 6, 50, 70, 71, 45, 72, 73, 14, 46, 9, 47, 48, 74, 82, 76, 78, 11, 79, 13]

COSTE(km):  36632

ITERACIONES SIN MEJORA:  0

	 [73, 57]

	 [48, 32]

	 [81, 1]

	 [27, 17]

	 [60, 49]

ITERACION:  5

INTERMCAMBIO: ( 34 ,  19 )

RECORRIDO:  [53, 7, 32, 63, 29, 22, 25, 49, 3, 54, 33, 26, 15, 56, 20, 19, 23, 61, 16, 85, 95, 21, 86, 10, 83, 87, 52, 30, 88, 17, 27, 77, 59, 91, 60, 41, 93, 58, 84, 28, 80, 24, 8, 31, 99, 66, 90, 67, 12, 68, 89, 92, 94, 51, 34, 96, 35, 64, 81, 75, 97, 62, 57, 39, 1, 36, 69, 37, 38, 40, 18, 55, 2, 98, 42, 43, 44, 4, 5, 65, 6, 50, 70, 71, 45, 72, 73, 14, 46, 9, 47, 48, 74, 82, 76, 78, 11, 79, 13]

COSTE(km):  34929

ITERACIONES SIN MEJORA:  0

	 [73, 57]

	 [48, 32]

	 [81, 1]

	 [27, 17]

	 [60, 49]

	 [34, 19]

ITERACION:  6

INTERMCAMBIO: ( 76 ,  64 )

RECORRIDO:  [53, 7, 32, 63, 29, 22, 25, 49, 3, 54, 33, 26, 15, 56, 20, 19, 23, 61, 16, 85, 95, 21, 86, 10, 83, 87, 52, 30, 88, 17, 27, 77, 59, 91, 60, 41, 93, 58, 84, 28, 80, 24, 8, 31, 99, 66, 90, 67, 12, 68, 89, 92, 94, 51, 34, 96, 35, 64, 81, 75, 97, 62, 57, 39, 44, 36, 69, 37, 38, 40, 18, 55, 2, 98, 42, 43, 1, 4, 5, 65, 6, 50, 70, 71, 45, 72, 73, 14, 46, 9, 47, 48, 74, 82, 76, 78, 11, 79, 13]

COSTE(km):  33278

ITERACIONES SIN MEJORA:  0

	 [73, 57]

	 [48, 32]

	 [81, 1]

	 [27, 17]

	 [60, 49]

	 [34, 19]

	 [76, 64]

ITERACION:  7

INTERMCAMBIO: ( 90 ,  12 )

RECORRIDO:  [53, 7, 32, 63, 29, 22, 25, 49, 3, 54, 33, 26, 47, 56, 20, 19, 23, 61, 16, 85, 95, 21, 86, 10, 83, 87, 52, 30, 88, 17, 27, 77, 59, 91, 60, 41, 93, 58, 84, 28, 80, 24, 8, 31, 99, 66, 90, 67, 12, 68, 89, 92, 94, 51, 34, 96, 35, 64, 81, 75, 97, 62, 57, 39, 44, 36, 69, 37, 38, 40, 18, 55, 2, 98, 42, 43, 1, 4, 5, 65, 6, 50, 70, 71, 45, 72, 73, 14, 46, 9, 15, 48, 74, 82, 76, 78, 11, 79, 13]

COSTE(km):  31644

ITERACIONES SIN MEJORA:  0

	 [73, 57]

	 [48, 32]

	 [81, 1]

	 [27, 17]

	 [60, 49]

	 [34, 19]

	 [76, 64]

	 [90, 12]

ITERACION:  8

INTERMCAMBIO: ( 42 ,  0 )

RECORRIDO:  [8, 7, 32, 63, 29, 22, 25, 49, 3, 54, 33, 26, 47, 56, 20, 19, 23, 61, 16, 85, 95, 21, 86, 10, 83, 87, 52, 30, 88, 17, 27, 77, 59, 91, 60, 41, 93, 58, 84, 28, 80, 24, 53, 31, 99, 66, 90, 67, 12, 68, 89, 92, 94, 51, 34, 96, 35, 64, 81, 75, 97, 62, 57, 39, 44, 36, 69, 37, 38, 40, 18, 55, 2, 98, 42, 43, 1, 4, 5, 65, 6, 50, 70, 71, 45, 72, 73, 14, 46, 9, 15, 48, 74, 82, 76, 78, 11, 79, 13]

COSTE(km):  30030

ITERACIONES SIN MEJORA:  0

	 [73, 57]

	 [48, 32]

	 [81, 1]

	 [27, 17]

	 [60, 49]

	 [34, 19]

	 [76, 64]

	 [90, 12]

	 [42, 0]

ITERACION:  9

INTERMCAMBIO: ( 83 ,  3 )

RECORRIDO:  [8, 7, 32, 71, 29, 22, 25, 49, 3, 54, 33, 26, 47, 56, 20, 19, 23, 61, 16, 85, 95, 21, 86, 10, 83, 87, 52, 30, 88, 17, 27, 77, 59, 91, 60, 41, 93, 58, 84, 28, 80, 24, 53, 31, 99, 66, 90, 67, 12, 68, 89, 92, 94, 51, 34, 96, 35, 64, 81, 75, 97, 62, 57, 39, 44, 36, 69, 37, 38, 40, 18, 55, 2, 98, 42, 43, 1, 4, 5, 65, 6, 50, 70, 63, 45, 72, 73, 14, 46, 9, 15, 48, 74, 82, 76, 78, 11, 79, 13]

COSTE(km):  28540

ITERACIONES SIN MEJORA:  0

	 [73, 57]

	 [48, 32]

	 [81, 1]

	 [27, 17]

	 [60, 49]

	 [34, 19]

	 [76, 64]

	 [90, 12]

	 [42, 0]

	 [83, 3]

ITERACION:  10

INTERMCAMBIO: ( 15 ,  6 )

RECORRIDO:  [8, 7, 32, 71, 29, 22, 19, 49, 3, 54, 33, 26, 47, 56, 20, 25, 23, 61, 16, 85, 95, 21, 86, 10, 83, 87, 52, 30, 88, 17, 27, 77, 59, 91, 60, 41, 93, 58, 84, 28, 80, 24, 53, 31, 99, 66, 90, 67, 12, 68, 89, 92, 94, 51, 34, 96, 35, 64, 81, 75, 97, 62, 57, 39, 44, 36, 69, 37, 38, 40, 18, 55, 2, 98, 42, 43, 1, 4, 5, 65, 6, 50, 70, 63, 45, 72, 73, 14, 46, 9, 15, 48, 74, 82, 76, 78, 11, 79, 13]

COSTE(km):  27051

ITERACIONES SIN MEJORA:  0

	 [73, 57]

	 [48, 32]

	 [81, 1]

	 [27, 17]

	 [60, 49]

	 [34, 19]

	 [76, 64]

	 [90, 12]

	 [42, 0]

	 [83, 3]

	 [15, 6]

ITERACION:  11

INTERMCAMBIO: ( 71 ,  21 )

RECORRIDO:  [8, 7, 32, 71, 29, 22, 19, 49, 3, 54, 33, 26, 47, 56, 20, 25, 23, 61, 16, 85, 95, 55, 86, 10, 83, 87, 52, 30, 88, 17, 27, 77, 59, 91, 60, 41, 93, 58, 84, 28, 80, 24, 53, 31, 99, 66, 90, 67, 12, 68, 89, 92, 94, 51, 34, 96, 35, 64, 81, 75, 97, 62, 57, 39, 44, 36, 69, 37, 38, 40, 18, 21, 2, 98, 42, 43, 1, 4, 5, 65, 6, 50, 70, 63, 45, 72, 73, 14, 46, 9, 15, 48, 74, 82, 76, 78, 11, 79, 13]

COSTE(km):  25874

ITERACIONES SIN MEJORA:  0

	 [73, 57]

	 [48, 32]

	 [81, 1]

	 [27, 17]

	 [60, 49]

	 [34, 19]

	 [76, 64]

	 [90, 12]

	 [42, 0]

	 [83, 3]

	 [15, 6]

	 [71, 21]

ITERACION:  12

INTERMCAMBIO: ( 17 ,  9 )

RECORRIDO:  [8, 7, 32, 71, 29, 22, 19, 49, 3, 61, 33, 26, 47, 56, 20, 25, 23, 54, 16, 85, 95, 55, 86, 10, 83, 87, 52, 30, 88, 17, 27, 77, 59, 91, 60, 41, 93, 58, 84, 28, 80, 24, 53, 31, 99, 66, 90, 67, 12, 68, 89, 92, 94, 51, 34, 96, 35, 64, 81, 75, 97, 62, 57, 39, 44, 36, 69, 37, 38, 40, 18, 21, 2, 98, 42, 43, 1, 4, 5, 65, 6, 50, 70, 63, 45, 72, 73, 14, 46, 9, 15, 48, 74, 82, 76, 78, 11, 79, 13]

COSTE(km):  24830

ITERACIONES SIN MEJORA:  0

	 [73, 57]

	 [48, 32]

	 [81, 1]

	 [27, 17]

	 [60, 49]

	 [34, 19]

	 [76, 64]

	 [90, 12]

	 [42, 0]

	 [83, 3]

	 [15, 6]

	 [71, 21]

	 [17, 9]

ITERACION:  13

INTERMCAMBIO: ( 75 ,  26 )

RECORRIDO:  [8, 7, 32, 71, 29, 22, 19, 49, 3, 61, 33, 26, 47, 56, 20, 25, 23, 54, 16, 85, 95, 55, 86, 10, 83, 87, 43, 30, 88, 17, 27, 77, 59, 91, 60, 41, 93, 58, 84, 28, 80, 24, 53, 31, 99, 66, 90, 67, 12, 68, 89, 92, 94, 51, 34, 96, 35, 64, 81, 75, 97, 62, 57, 39, 44, 36, 69, 37, 38, 40, 18, 21, 2, 98, 42, 52, 1, 4, 5, 65, 6, 50, 70, 63, 45, 72, 73, 14, 46, 9, 15, 48, 74, 82, 76, 78, 11, 79, 13]

COSTE(km):  23832

ITERACIONES SIN MEJORA:  0

	 [73, 57]

	 [48, 32]

	 [81, 1]

	 [27, 17]

	 [60, 49]

	 [34, 19]

	 [76, 64]

	 [90, 12]

	 [42, 0]

	 [83, 3]

	 [15, 6]

	 [71, 21]

	 [17, 9]

	 [75, 26]

ITERACION:  14

INTERMCAMBIO: ( 93 ,  28 )

RECORRIDO:  [8, 7, 32, 71, 29, 22, 19, 49, 3, 61, 33, 26, 47, 56, 20, 25, 23, 54, 16, 85, 95, 55, 86, 10, 83, 87, 43, 30, 82, 17, 27, 77, 59, 91, 60, 41, 93, 58, 84, 28, 80, 24, 53, 31, 99, 66, 90, 67, 12, 68, 89, 92, 94, 51, 34, 96, 35, 64, 81, 75, 97, 62, 57, 39, 44, 36, 69, 37, 38, 40, 18, 21, 2, 98, 42, 52, 1, 4, 5, 65, 6, 50, 70, 63, 45, 72, 73, 14, 46, 9, 15, 48, 74, 88, 76, 78, 11, 79, 13]

COSTE(km):  22868

ITERACIONES SIN MEJORA:  0

	 [73, 57]

	 [48, 32]

	 [81, 1]

	 [27, 17]

	 [60, 49]

	 [34, 19]

	 [76, 64]

	 [90, 12]

	 [42, 0]

	 [83, 3]

	 [15, 6]

	 [71, 21]

	 [17, 9]

	 [75, 26]

	 [93, 28]

ITERACION:  15

INTERMCAMBIO: ( 94 ,  36 )

RECORRIDO:  [8, 7, 32, 71, 29, 22, 19, 49, 3, 61, 33, 26, 47, 56, 20, 25, 23, 54, 16, 85, 95, 55, 86, 10, 83, 87, 43, 30, 82, 17, 27, 77, 59, 91, 60, 41, 76, 58, 84, 28, 80, 24, 53, 31, 99, 66, 90, 67, 12, 68, 89, 92, 94, 51, 34, 96, 35, 64, 81, 75, 97, 62, 57, 39, 44, 36, 69, 37, 38, 40, 18, 21, 2, 98, 42, 52, 1, 4, 5, 65, 6, 50, 70, 63, 45, 72, 73, 14, 46, 9, 15, 48, 74, 88, 93, 78, 11, 79, 13]

COSTE(km):  21868

ITERACIONES SIN MEJORA:  0

	 [73, 57]

	 [48, 32]

	 [81, 1]

	 [27, 17]

	 [60, 49]

	 [34, 19]

	 [76, 64]

	 [90, 12]

	 [42, 0]

	 [83, 3]

	 [15, 6]

	 [71, 21]

	 [17, 9]

	 [75, 26]

	 [93, 28]

	 [94, 36]

ITERACION:  16

INTERMCAMBIO: ( 77 ,  50 )

RECORRIDO:  [8, 7, 32, 71, 29, 22, 19, 49, 3, 61, 33, 26, 47, 56, 20, 25, 23, 54, 16, 85, 95, 55, 86, 10, 83, 87, 43, 30, 82, 17, 27, 77, 59, 91, 60, 41, 76, 58, 84, 28, 80, 24, 53, 31, 99, 66, 90, 67, 12, 68, 4, 92, 94, 51, 34, 96, 35, 64, 81, 75, 97, 62, 57, 39, 44, 36, 69, 37, 38, 40, 18, 21, 2, 98, 42, 52, 1, 89, 5, 65, 6, 50, 70, 63, 45, 72, 73, 14, 46, 9, 15, 48, 74, 88, 93, 78, 11, 79, 13]

COSTE(km):  20944

ITERACIONES SIN MEJORA:  0

	 [73, 57]

	 [48, 32]

	 [81, 1]

	 [27, 17]

	 [60, 49]

	 [34, 19]

	 [76, 64]

	 [90, 12]

	 [42, 0]

	 [83, 3]

	 [15, 6]

	 [71, 21]

	 [17, 9]

	 [75, 26]

	 [93, 28]

	 [94, 36]

	 [77, 50]

ITERACION:  17

INTERMCAMBIO: ( 66 ,  13 )

RECORRIDO:  [8, 7, 32, 71, 29, 22, 19, 49, 3, 61, 33, 26, 47, 69, 20, 25, 23, 54, 16, 85, 95, 55, 86, 10, 83, 87, 43, 30, 82, 17, 27, 77, 59, 91, 60, 41, 76, 58, 84, 28, 80, 24, 53, 31, 99, 66, 90, 67, 12, 68, 4, 92, 94, 51, 34, 96, 35, 64, 81, 75, 97, 62, 57, 39, 44, 36, 56, 37, 38, 40, 18, 21, 2, 98, 42, 52, 1, 89, 5, 65, 6, 50, 70, 63, 45, 72, 73, 14, 46, 9, 15, 48, 74, 88, 93, 78, 11, 79, 13]

COSTE(km):  20068

ITERACIONES SIN MEJORA:  0

	 [73, 57]

	 [48, 32]

	 [81, 1]

	 [27, 17]

	 [60, 49]

	 [34, 19]

	 [76, 64]

	 [90, 12]

	 [42, 0]

	 [83, 3]

	 [15, 6]

	 [71, 21]

	 [17, 9]

	 [75, 26]

	 [93, 28]

	 [94, 36]

	 [77, 50]

	 [66, 13]

ITERACION:  18

INTERMCAMBIO: ( 87 ,  5 )

RECORRIDO:  [8, 7, 32, 71, 29, 14, 19, 49, 3, 61, 33, 26, 47, 69, 20, 25, 23, 54, 16, 85, 95, 55, 86, 10, 83, 87, 43, 30, 82, 17, 27, 77, 59, 91, 60, 41, 76, 58, 84, 28, 80, 24, 53, 31, 99, 66, 90, 67, 12, 68, 4, 92, 94, 51, 34, 96, 35, 64, 81, 75, 97, 62, 57, 39, 44, 36, 56, 37, 38, 40, 18, 21, 2, 98, 42, 52, 1, 89, 5, 65, 6, 50, 70, 63, 45, 72, 73, 22, 46, 9, 15, 48, 74, 88, 93, 78, 11, 79, 13]

COSTE(km):  19335

ITERACIONES SIN MEJORA:  0

	 [73, 57]

	 [48, 32]

	 [81, 1]

	 [27, 17]

	 [60, 49]

	 [34, 19]

	 [76, 64]

	 [90, 12]

	 [42, 0]

	 [83, 3]

	 [15, 6]

	 [71, 21]

	 [17, 9]

	 [75, 26]

	 [93, 28]

	 [94, 36]

	 [77, 50]

	 [66, 13]

	 [87, 5]

ITERACION:  19

INTERMCAMBIO: ( 53 ,  5 )

RECORRIDO:  [8, 7, 32, 71, 29, 51, 19, 49, 3, 61, 33, 26, 47, 69, 20, 25, 23, 54, 16, 85, 95, 55, 86, 10, 83, 87, 43, 30, 82, 17, 27, 77, 59, 91, 60, 41, 76, 58, 84, 28, 80, 24, 53, 31, 99, 66, 90, 67, 12, 68, 4, 92, 94, 14, 34, 96, 35, 64, 81, 75, 97, 62, 57, 39, 44, 36, 56, 37, 38, 40, 18, 21, 2, 98, 42, 52, 1, 89, 5, 65, 6, 50, 70, 63, 45, 72, 73, 22, 46, 9, 15, 48, 74, 88, 93, 78, 11, 79, 13]

COSTE(km):  18633

ITERACIONES SIN MEJORA:  0

	 [73, 57]

	 [48, 32]

	 [81, 1]

	 [27, 17]

	 [60, 49]

	 [34, 19]

	 [76, 64]

	 [90, 12]

	 [42, 0]

	 [83, 3]

	 [15, 6]

	 [71, 21]

	 [17, 9]

	 [75, 26]

	 [93, 28]

	 [94, 36]

	 [77, 50]

	 [66, 13]

	 [87, 5]

	 [53, 5]

ITERACION:  20

INTERMCAMBIO: ( 51 ,  39 )

RECORRIDO:  [8, 7, 32, 71, 29, 51, 19, 49, 3, 61, 33, 26, 47, 69, 20, 25, 23, 54, 16, 85, 95, 55, 86, 10, 83, 87, 43, 30, 82, 17, 27, 77, 59, 91, 60, 41, 76, 58, 84, 92, 80, 24, 53, 31, 99, 66, 90, 67, 12, 68, 4, 28, 94, 14, 34, 96, 35, 64, 81, 75, 97, 62, 57, 39, 44, 36, 56, 37, 38, 40, 18, 21, 2, 98, 42, 52, 1, 89, 5, 65, 6, 50, 70, 63, 45, 72, 73, 22, 46, 9, 15, 48, 74, 88, 93, 78, 11, 79, 13]

COSTE(km):  17967

ITERACIONES SIN MEJORA:  0

	 [73, 57]

	 [48, 32]

	 [81, 1]

	 [27, 17]

	 [60, 49]

	 [34, 19]

	 [76, 64]

	 [90, 12]

	 [42, 0]

	 [83, 3]

	 [15, 6]

	 [71, 21]

	 [17, 9]

	 [75, 26]

	 [93, 28]

	 [94, 36]

	 [77, 50]

	 [66, 13]

	 [87, 5]

	 [53, 5]

	 [51, 39]

ITERACION:  21

INTERMCAMBIO: ( 76 ,  55 )

RECORRIDO:  [8, 7, 32, 71, 29, 51, 19, 49, 3, 61, 33, 26, 47, 69, 20, 25, 23, 54, 16, 85, 95, 55, 86, 10, 83, 87, 43, 30, 82, 17, 27, 77, 59, 91, 60, 41, 76, 58, 84, 92, 80, 24, 53, 31, 99, 66, 90, 67, 12, 68, 4, 28, 94, 14, 34, 1, 35, 64, 81, 75, 97, 62, 57, 39, 44, 36, 56, 37, 38, 40, 18, 21, 2, 98, 42, 52, 96, 89, 5, 65, 6, 50, 70, 63, 45, 72, 73, 22, 46, 9, 15, 48, 74, 88, 93, 78, 11, 79, 13]

COSTE(km):  17337

ITERACIONES SIN MEJORA:  0

	 [73, 57]

	 [48, 32]

	 [81, 1]

	 [27, 17]

	 [60, 49]

	 [34, 19]

	 [76, 64]

	 [90, 12]

	 [42, 0]

	 [83, 3]

	 [15, 6]

	 [71, 21]

	 [17, 9]

	 [75, 26]

	 [93, 28]

	 [94, 36]

	 [77, 50]

	 [66, 13]

	 [87, 5]

	 [53, 5]

	 [51, 39]

	 [76, 55]

ITERACION:  22

INTERMCAMBIO: ( 97 ,  36 )

RECORRIDO:  [8, 7, 32, 71, 29, 51, 19, 49, 3, 61, 33, 26, 47, 69, 20, 25, 23, 54, 16, 85, 95, 55, 86, 10, 83, 87, 43, 30, 82, 17, 27, 77, 59, 91, 60, 41, 79, 58, 84, 92, 80, 24, 53, 31, 99, 66, 90, 67, 12, 68, 4, 28, 94, 14, 34, 1, 35, 64, 81, 75, 97, 62, 57, 39, 44, 36, 56, 37, 38, 40, 18, 21, 2, 98, 42, 52, 96, 89, 5, 65, 6, 50, 70, 63, 45, 72, 73, 22, 46, 9, 15, 48, 74, 88, 93, 78, 11, 76, 13]

COSTE(km):  16774

ITERACIONES SIN MEJORA:  0

	 [73, 57]

	 [48, 32]

	 [81, 1]

	 [27, 17]

	 [60, 49]

	 [34, 19]

	 [76, 64]

	 [90, 12]

	 [42, 0]

	 [83, 3]

	 [15, 6]

	 [71, 21]

	 [17, 9]

	 [75, 26]

	 [93, 28]

	 [94, 36]

	 [77, 50]

	 [66, 13]

	 [87, 5]

	 [53, 5]

	 [51, 39]

	 [76, 55]

	 [97, 36]

ITERACION:  23

INTERMCAMBIO: ( 37 ,  24 )

RECORRIDO:  [8, 7, 32, 71, 29, 51, 19, 49, 3, 61, 33, 26, 47, 69, 20, 25, 23, 54, 16, 85, 95, 55, 86, 10, 58, 87, 43, 30, 82, 17, 27, 77, 59, 91, 60, 41, 79, 83, 84, 92, 80, 24, 53, 31, 99, 66, 90, 67, 12, 68, 4, 28, 94, 14, 34, 1, 35, 64, 81, 75, 97, 62, 57, 39, 44, 36, 56, 37, 38, 40, 18, 21, 2, 98, 42, 52, 96, 89, 5, 65, 6, 50, 70, 63, 45, 72, 73, 22, 46, 9, 15, 48, 74, 88, 93, 78, 11, 76, 13]

COSTE(km):  16280

ITERACIONES SIN MEJORA:  0

	 [73, 57]

	 [48, 32]

	 [81, 1]

	 [27, 17]

	 [60, 49]

	 [34, 19]

	 [76, 64]

	 [90, 12]

	 [42, 0]

	 [83, 3]

	 [15, 6]

	 [71, 21]

	 [17, 9]

	 [75, 26]

	 [93, 28]

	 [94, 36]

	 [77, 50]

	 [66, 13]

	 [87, 5]

	 [53, 5]

	 [51, 39]

	 [76, 55]

	 [97, 36]

	 [37, 24]

ITERACION:  24

INTERMCAMBIO: ( 82 ,  23 )

RECORRIDO:  [8, 7, 32, 71, 29, 51, 19, 49, 3, 61, 33, 26, 47, 69, 20, 25, 23, 54, 16, 85, 95, 55, 86, 70, 58, 87, 43, 30, 82, 17, 27, 77, 59, 91, 60, 41, 79, 83, 84, 92, 80, 24, 53, 31, 99, 66, 90, 67, 12, 68, 4, 28, 94, 14, 34, 1, 35, 64, 81, 75, 97, 62, 57, 39, 44, 36, 56, 37, 38, 40, 18, 21, 2, 98, 42, 52, 96, 89, 5, 65, 6, 50, 10, 63, 45, 72, 73, 22, 46, 9, 15, 48, 74, 88, 93, 78, 11, 76, 13]

COSTE(km):  15673

ITERACIONES SIN MEJORA:  0

	 [73, 57]

	 [48, 32]

	 [81, 1]

	 [27, 17]

	 [60, 49]

	 [34, 19]

	 [76, 64]

	 [90, 12]

	 [42, 0]

	 [83, 3]

	 [15, 6]

	 [71, 21]

	 [17, 9]

	 [75, 26]

	 [93, 28]

	 [94, 36]

	 [77, 50]

	 [66, 13]

	 [87, 5]

	 [53, 5]

	 [51, 39]

	 [76, 55]

	 [97, 36]

	 [37, 24]

	 [82, 23]

ITERACION:  25

INTERMCAMBIO: ( 68 ,  21 )

RECORRIDO:  [8, 7, 32, 71, 29, 51, 19, 49, 3, 61, 33, 26, 47, 69, 20, 25, 23, 54, 16, 85, 95, 38, 86, 70, 58, 87, 43, 30, 82, 17, 27, 77, 59, 91, 60, 41, 79, 83, 84, 92, 80, 24, 53, 31, 99, 66, 90, 67, 12, 68, 4, 28, 94, 14, 34, 1, 35, 64, 81, 75, 97, 62, 57, 39, 44, 36, 56, 37, 55, 40, 18, 21, 2, 98, 42, 52, 96, 89, 5, 65, 6, 50, 10, 63, 45, 72, 73, 22, 46, 9, 15, 48, 74, 88, 93, 78, 11, 76, 13]

COSTE(km):  15210

ITERACIONES SIN MEJORA:  0

	 [73, 57]

	 [48, 32]

	 [81, 1]

	 [27, 17]

	 [60, 49]

	 [34, 19]

	 [76, 64]

	 [90, 12]

	 [42, 0]

	 [83, 3]

	 [15, 6]

	 [71, 21]

	 [17, 9]

	 [75, 26]

	 [93, 28]

	 [94, 36]

	 [77, 50]

	 [66, 13]

	 [87, 5]

	 [53, 5]

	 [51, 39]

	 [76, 55]

	 [97, 36]

	 [37, 24]

	 [82, 23]

	 [68, 21]

ITERACION:  26

INTERMCAMBIO: ( 49 ,  41 )

RECORRIDO:  [8, 7, 32, 71, 29, 51, 19, 49, 3, 61, 33, 26, 47, 69, 20, 25, 23, 54, 16, 85, 95, 38, 86, 70, 58, 87, 43, 30, 82, 17, 27, 77, 59, 91, 60, 41, 79, 83, 84, 92, 80, 68, 53, 31, 99, 66, 90, 67, 12, 24, 4, 28, 94, 14, 34, 1, 35, 64, 81, 75, 97, 62, 57, 39, 44, 36, 56, 37, 55, 40, 18, 21, 2, 98, 42, 52, 96, 89, 5, 65, 6, 50, 10, 63, 45, 72, 73, 22, 46, 9, 15, 48, 74, 88, 93, 78, 11, 76, 13]

COSTE(km):  14759

ITERACIONES SIN MEJORA:  0

	 [73, 57]

	 [48, 32]

	 [81, 1]

	 [27, 17]

	 [60, 49]

	 [34, 19]

	 [76, 64]

	 [90, 12]

	 [42, 0]

	 [83, 3]

	 [15, 6]

	 [71, 21]

	 [17, 9]

	 [75, 26]

	 [93, 28]

	 [94, 36]

	 [77, 50]

	 [66, 13]

	 [87, 5]

	 [53, 5]

	 [51, 39]

	 [76, 55]

	 [97, 36]

	 [37, 24]

	 [82, 23]

	 [68, 21]

	 [49, 41]

ITERACION:  27

INTERMCAMBIO: ( 88 ,  66 )

RECORRIDO:  [8, 7, 32, 71, 29, 51, 19, 49, 3, 61, 33, 26, 47, 69, 20, 25, 23, 54, 16, 85, 95, 38, 86, 70, 58, 87, 43, 30, 82, 17, 27, 77, 59, 91, 60, 41, 79, 83, 84, 92, 80, 68, 53, 31, 99, 66, 90, 67, 12, 24, 4, 28, 94, 14, 34, 1, 35, 64, 81, 75, 97, 62, 57, 39, 44, 36, 46, 37, 55, 40, 18, 21, 2, 98, 42, 52, 96, 89, 5, 65, 6, 50, 10, 63, 45, 72, 73, 22, 56, 9, 15, 48, 74, 88, 93, 78, 11, 76, 13]

COSTE(km):  14390

ITERACIONES SIN MEJORA:  0

	 [73, 57]

	 [48, 32]

	 [81, 1]

	 [27, 17]

	 [60, 49]

	 [34, 19]

	 [76, 64]

	 [90, 12]

	 [42, 0]

	 [83, 3]

	 [15, 6]

	 [71, 21]

	 [17, 9]

	 [75, 26]

	 [93, 28]

	 [94, 36]

	 [77, 50]

	 [66, 13]

	 [87, 5]

	 [53, 5]

	 [51, 39]

	 [76, 55]

	 [97, 36]

	 [37, 24]

	 [82, 23]

	 [68, 21]

	 [49, 41]

	 [88, 66]

ITERACION:  28

INTERMCAMBIO: ( 54 ,  47 )

RECORRIDO:  [8, 7, 32, 71, 29, 51, 19, 49, 3, 61, 33, 26, 47, 69, 20, 25, 23, 54, 16, 85, 95, 38, 86, 70, 58, 87, 43, 30, 82, 17, 27, 77, 59, 91, 60, 41, 79, 83, 84, 92, 80, 68, 53, 31, 99, 66, 90, 34, 12, 24, 4, 28, 94, 14, 67, 1, 35, 64, 81, 75, 97, 62, 57, 39, 44, 36, 46, 37, 55, 40, 18, 21, 2, 98, 42, 52, 96, 89, 5, 65, 6, 50, 10, 63, 45, 72, 73, 22, 56, 9, 15, 48, 74, 88, 93, 78, 11, 76, 13]

COSTE(km):  14024

ITERACIONES SIN MEJORA:  0

	 [73, 57]

	 [48, 32]

	 [81, 1]

	 [27, 17]

	 [60, 49]

	 [34, 19]

	 [76, 64]

	 [90, 12]

	 [42, 0]

	 [83, 3]

	 [15, 6]

	 [71, 21]

	 [17, 9]

	 [75, 26]

	 [93, 28]

	 [94, 36]

	 [77, 50]

	 [66, 13]

	 [87, 5]

	 [53, 5]

	 [51, 39]

	 [76, 55]

	 [97, 36]

	 [37, 24]

	 [82, 23]

	 [68, 21]

	 [49, 41]

	 [88, 66]

	 [54, 47]

ITERACION:  29

INTERMCAMBIO: ( 63 ,  13 )

RECORRIDO:  [8, 7, 32, 71, 29, 51, 19, 49, 3, 61, 33, 26, 47, 39, 20, 25, 23, 54, 16, 85, 95, 38, 86, 70, 58, 87, 43, 30, 82, 17, 27, 77, 59, 91, 60, 41, 79, 83, 84, 92, 80, 68, 53, 31, 99, 66, 90, 34, 12, 24, 4, 28, 94, 14, 67, 1, 35, 64, 81, 75, 97, 62, 57, 69, 44, 36, 46, 37, 55, 40, 18, 21, 2, 98, 42, 52, 96, 89, 5, 65, 6, 50, 10, 63, 45, 72, 73, 22, 56, 9, 15, 48, 74, 88, 93, 78, 11, 76, 13]

COSTE(km):  13689

ITERACIONES SIN MEJORA:  0

	 [73, 57]

	 [48, 32]

	 [81, 1]

	 [27, 17]

	 [60, 49]

	 [34, 19]

	 [76, 64]

	 [90, 12]

	 [42, 0]

	 [83, 3]

	 [15, 6]

	 [71, 21]

	 [17, 9]

	 [75, 26]

	 [93, 28]

	 [94, 36]

	 [77, 50]

	 [66, 13]

	 [87, 5]

	 [53, 5]

	 [51, 39]

	 [76, 55]

	 [97, 36]

	 [37, 24]

	 [82, 23]

	 [68, 21]

	 [49, 41]

	 [88, 66]

	 [54, 47]

	 [63, 13]

ITERACION:  30

INTERMCAMBIO: ( 54 ,  30 )

RECORRIDO:  [8, 7, 32, 71, 29, 51, 19, 49, 3, 61, 33, 26, 47, 39, 20, 25, 23, 54, 16, 85, 95, 38, 86, 70, 58, 87, 43, 30, 82, 17, 67, 77, 59, 91, 60, 41, 79, 83, 84, 92, 80, 68, 53, 31, 99, 66, 90, 34, 12, 24, 4, 28, 94, 14, 27, 1, 35, 64, 81, 75, 97, 62, 57, 69, 44, 36, 46, 37, 55, 40, 18, 21, 2, 98, 42, 52, 96, 89, 5, 65, 6, 50, 10, 63, 45, 72, 73, 22, 56, 9, 15, 48, 74, 88, 93, 78, 11, 76, 13]

COSTE(km):  13370

ITERACIONES SIN MEJORA:  0

	 [73, 57]

	 [48, 32]

	 [81, 1]

	 [27, 17]

	 [60, 49]

	 [34, 19]

	 [76, 64]

	 [90, 12]

	 [42, 0]

	 [83, 3]

	 [15, 6]

	 [71, 21]

	 [17, 9]

	 [75, 26]

	 [93, 28]

	 [94, 36]

	 [77, 50]

	 [66, 13]

	 [87, 5]

	 [53, 5]

	 [51, 39]

	 [76, 55]

	 [97, 36]

	 [37, 24]

	 [82, 23]

	 [68, 21]

	 [49, 41]

	 [88, 66]

	 [54, 47]

	 [63, 13]

	 [54, 30]

ITERACION:  31

INTERMCAMBIO: ( 89 ,  8 )

RECORRIDO:  [8, 7, 32, 71, 29, 51, 19, 49, 9, 61, 33, 26, 47, 39, 20, 25, 23, 54, 16, 85, 95, 38, 86, 70, 58, 87, 43, 30, 82, 17, 67, 77, 59, 91, 60, 41, 79, 83, 84, 92, 80, 68, 53, 31, 99, 66, 90, 34, 12, 24, 4, 28, 94, 14, 27, 1, 35, 64, 81, 75, 97, 62, 57, 69, 44, 36, 46, 37, 55, 40, 18, 21, 2, 98, 42, 52, 96, 89, 5, 65, 6, 50, 10, 63, 45, 72, 73, 22, 56, 3, 15, 48, 74, 88, 93, 78, 11, 76, 13]

COSTE(km):  13084

ITERACIONES SIN MEJORA:  0

	 [73, 57]

	 [48, 32]

	 [81, 1]

	 [27, 17]

	 [60, 49]

	 [34, 19]

	 [76, 64]

	 [90, 12]

	 [42, 0]

	 [83, 3]

	 [15, 6]

	 [71, 21]

	 [17, 9]

	 [75, 26]

	 [93, 28]

	 [94, 36]

	 [77, 50]

	 [66, 13]

	 [87, 5]

	 [53, 5]

	 [51, 39]

	 [76, 55]

	 [97, 36]

	 [37, 24]

	 [82, 23]

	 [68, 21]

	 [49, 41]

	 [88, 66]

	 [54, 47]

	 [63, 13]

	 [54, 30]

	 [89, 8]

ITERACION:  32

INTERMCAMBIO: ( 96 ,  52 )

RECORRIDO:  [8, 7, 32, 71, 29, 51, 19, 49, 9, 61, 33, 26, 47, 39, 20, 25, 23, 54, 16, 85, 95, 38, 86, 70, 58, 87, 43, 30, 82, 17, 67, 77, 59, 91, 60, 41, 79, 83, 84, 92, 80, 68, 53, 31, 99, 66, 90, 34, 12, 24, 4, 28, 11, 14, 27, 1, 35, 64, 81, 75, 97, 62, 57, 69, 44, 36, 46, 37, 55, 40, 18, 21, 2, 98, 42, 52, 96, 89, 5, 65, 6, 50, 10, 63, 45, 72, 73, 22, 56, 3, 15, 48, 74, 88, 93, 78, 94, 76, 13]

COSTE(km):  12814

ITERACIONES SIN MEJORA:  0

	 [73, 57]

	 [48, 32]

	 [81, 1]

	 [27, 17]

	 [60, 49]

	 [34, 19]

	 [76, 64]

	 [90, 12]

	 [42, 0]

	 [83, 3]

	 [15, 6]

	 [71, 21]

	 [17, 9]

	 [75, 26]

	 [93, 28]

	 [94, 36]

	 [77, 50]

	 [66, 13]

	 [87, 5]

	 [53, 5]

	 [51, 39]

	 [76, 55]

	 [97, 36]

	 [37, 24]

	 [82, 23]

	 [68, 21]

	 [49, 41]

	 [88, 66]

	 [54, 47]

	 [63, 13]

	 [54, 30]

	 [89, 8]

	 [96, 52]

ITERACION:  33

INTERMCAMBIO: ( 95 ,  53 )

RECORRIDO:  [8, 7, 32, 71, 29, 51, 19, 49, 9, 61, 33, 26, 47, 39, 20, 25, 23, 54, 16, 85, 95, 38, 86, 70, 58, 87, 43, 30, 82, 17, 67, 77, 59, 91, 60, 41, 79, 83, 84, 92, 80, 68, 53, 31, 99, 66, 90, 34, 12, 24, 4, 28, 11, 78, 27, 1, 35, 64, 81, 75, 97, 62, 57, 69, 44, 36, 46, 37, 55, 40, 18, 21, 2, 98, 42, 52, 96, 89, 5, 65, 6, 50, 10, 63, 45, 72, 73, 22, 56, 3, 15, 48, 74, 88, 93, 14, 94, 76, 13]

COSTE(km):  12528

ITERACIONES SIN MEJORA:  0

	 [73, 57]

	 [48, 32]

	 [81, 1]

	 [27, 17]

	 [60, 49]

	 [34, 19]

	 [76, 64]

	 [90, 12]

	 [42, 0]

	 [83, 3]

	 [15, 6]

	 [71, 21]

	 [17, 9]

	 [75, 26]

	 [93, 28]

	 [94, 36]

	 [77, 50]

	 [66, 13]

	 [87, 5]

	 [53, 5]

	 [51, 39]

	 [76, 55]

	 [97, 36]

	 [37, 24]

	 [82, 23]

	 [68, 21]

	 [49, 41]

	 [88, 66]

	 [54, 47]

	 [63, 13]

	 [54, 30]

	 [89, 8]

	 [96, 52]

	 [95, 53]

ITERACION:  34

INTERMCAMBIO: ( 96 ,  45 )

RECORRIDO:  [8, 7, 32, 71, 29, 51, 19, 49, 9, 61, 33, 26, 47, 39, 20, 25, 23, 54, 16, 85, 95, 38, 86, 70, 58, 87, 43, 30, 82, 17, 67, 77, 59, 91, 60, 41, 79, 83, 84, 92, 80, 68, 53, 31, 99, 94, 90, 34, 12, 24, 4, 28, 11, 78, 27, 1, 35, 64, 81, 75, 97, 62, 57, 69, 44, 36, 46, 37, 55, 40, 18, 21, 2, 98, 42, 52, 96, 89, 5, 65, 6, 50, 10, 63, 45, 72, 73, 22, 56, 3, 15, 48, 74, 88, 93, 14, 66, 76, 13]

COSTE(km):  12286

ITERACIONES SIN MEJORA:  0

	 [73, 57]

	 [48, 32]

	 [81, 1]

	 [27, 17]

	 [60, 49]

	 [34, 19]

	 [76, 64]

	 [90, 12]

	 [42, 0]

	 [83, 3]

	 [15, 6]

	 [71, 21]

	 [17, 9]

	 [75, 26]

	 [93, 28]

	 [94, 36]

	 [77, 50]

	 [66, 13]

	 [87, 5]

	 [53, 5]

	 [51, 39]

	 [76, 55]

	 [97, 36]

	 [37, 24]

	 [82, 23]

	 [68, 21]

	 [49, 41]

	 [88, 66]

	 [54, 47]

	 [63, 13]

	 [54, 30]

	 [89, 8]

	 [96, 52]

	 [95, 53]

	 [96, 45]

ITERACION:  35

INTERMCAMBIO: ( 45 ,  40 )

RECORRIDO:  [8, 7, 32, 71, 29, 51, 19, 49, 9, 61, 33, 26, 47, 39, 20, 25, 23, 54, 16, 85, 95, 38, 86, 70, 58, 87, 43, 30, 82, 17, 67, 77, 59, 91, 60, 41, 79, 83, 84, 92, 94, 68, 53, 31, 99, 80, 90, 34, 12, 24, 4, 28, 11, 78, 27, 1, 35, 64, 81, 75, 97, 62, 57, 69, 44, 36, 46, 37, 55, 40, 18, 21, 2, 98, 42, 52, 96, 89, 5, 65, 6, 50, 10, 63, 45, 72, 73, 22, 56, 3, 15, 48, 74, 88, 93, 14, 66, 76, 13]

COSTE(km):  11913

ITERACIONES SIN MEJORA:  0

	 [73, 57]

	 [48, 32]

	 [81, 1]

	 [27, 17]

	 [60, 49]

	 [34, 19]

	 [76, 64]

	 [90, 12]

	 [42, 0]

	 [83, 3]

	 [15, 6]

	 [71, 21]

	 [17, 9]

	 [75, 26]

	 [93, 28]

	 [94, 36]

	 [77, 50]

	 [66, 13]

	 [87, 5]

	 [53, 5]

	 [51, 39]

	 [76, 55]

	 [97, 36]

	 [37, 24]

	 [82, 23]

	 [68, 21]

	 [49, 41]

	 [88, 66]

	 [54, 47]

	 [63, 13]

	 [54, 30]

	 [89, 8]

	 [96, 52]

	 [95, 53]

	 [96, 45]

	 [45, 40]

ITERACION:  36

INTERMCAMBIO: ( 14 ,  12 )

RECORRIDO:  [8, 7, 32, 71, 29, 51, 19, 49, 9, 61, 33, 26, 20, 39, 47, 25, 23, 54, 16, 85, 95, 38, 86, 70, 58, 87, 43, 30, 82, 17, 67, 77, 59, 91, 60, 41, 79, 83, 84, 92, 94, 68, 53, 31, 99, 80, 90, 34, 12, 24, 4, 28, 11, 78, 27, 1, 35, 64, 81, 75, 97, 62, 57, 69, 44, 36, 46, 37, 55, 40, 18, 21, 2, 98, 42, 52, 96, 89, 5, 65, 6, 50, 10, 63, 45, 72, 73, 22, 56, 3, 15, 48, 74, 88, 93, 14, 66, 76, 13]

COSTE(km):  11768

ITERACIONES SIN MEJORA:  0

	 [73, 57]

	 [48, 32]

	 [81, 1]

	 [27, 17]

	 [60, 49]

	 [34, 19]

	 [76, 64]

	 [90, 12]

	 [42, 0]

	 [83, 3]

	 [15, 6]

	 [71, 21]

	 [17, 9]

	 [75, 26]

	 [93, 28]

	 [94, 36]

	 [77, 50]

	 [66, 13]

	 [87, 5]

	 [53, 5]

	 [51, 39]

	 [76, 55]

	 [97, 36]

	 [37, 24]

	 [82, 23]

	 [68, 21]

	 [49, 41]

	 [88, 66]

	 [54, 47]

	 [63, 13]

	 [54, 30]

	 [89, 8]

	 [96, 52]

	 [95, 53]

	 [96, 45]

	 [45, 40]

	 [14, 12]

ITERACION:  37

INTERMCAMBIO: ( 56 ,  54 )

RECORRIDO:  [8, 7, 32, 71, 29, 51, 19, 49, 9, 61, 33, 26, 20, 39, 47, 25, 23, 54, 16, 85, 95, 38, 86, 70, 58, 87, 43, 30, 82, 17, 67, 77, 59, 91, 60, 41, 79, 83, 84, 92, 94, 68, 53, 31, 99, 80, 90, 34, 12, 24, 4, 28, 11, 78, 35, 1, 27, 64, 81, 75, 97, 62, 57, 69, 44, 36, 46, 37, 55, 40, 18, 21, 2, 98, 42, 52, 96, 89, 5, 65, 6, 50, 10, 63, 45, 72, 73, 22, 56, 3, 15, 48, 74, 88, 93, 14, 66, 76, 13]

COSTE(km):  11638

ITERACIONES SIN MEJORA:  0

	 [73, 57]

	 [48, 32]

	 [81, 1]

	 [27, 17]

	 [60, 49]

	 [34, 19]

	 [76, 64]

	 [90, 12]

	 [42, 0]

	 [83, 3]

	 [15, 6]

	 [71, 21]

	 [17, 9]

	 [75, 26]

	 [93, 28]

	 [94, 36]

	 [77, 50]

	 [66, 13]

	 [87, 5]

	 [53, 5]

	 [51, 39]

	 [76, 55]

	 [97, 36]

	 [37, 24]

	 [82, 23]

	 [68, 21]

	 [49, 41]

	 [88, 66]

	 [54, 47]

	 [63, 13]

	 [54, 30]

	 [89, 8]

	 [96, 52]

	 [95, 53]

	 [96, 45]

	 [45, 40]

	 [14, 12]

	 [56, 54]

ITERACION:  38

INTERMCAMBIO: ( 88 ,  36 )

RECORRIDO:  [8, 7, 32, 71, 29, 51, 19, 49, 9, 61, 33, 26, 20, 39, 47, 25, 23, 54, 16, 85, 95, 38, 86, 70, 58, 87, 43, 30, 82, 17, 67, 77, 59, 91, 60, 41, 56, 83, 84, 92, 94, 68, 53, 31, 99, 80, 90, 34, 12, 24, 4, 28, 11, 78, 35, 1, 27, 64, 81, 75, 97, 62, 57, 69, 44, 36, 46, 37, 55, 40, 18, 21, 2, 98, 42, 52, 96, 89, 5, 65, 6, 50, 10, 63, 45, 72, 73, 22, 79, 3, 15, 48, 74, 88, 93, 14, 66, 76, 13]

COSTE(km):  11540

ITERACIONES SIN MEJORA:  0

	 [73, 57]

	 [48, 32]

	 [81, 1]

	 [27, 17]

	 [60, 49]

	 [34, 19]

	 [76, 64]

	 [90, 12]

	 [42, 0]

	 [83, 3]

	 [15, 6]

	 [71, 21]

	 [17, 9]

	 [75, 26]

	 [93, 28]

	 [94, 36]

	 [77, 50]

	 [66, 13]

	 [87, 5]

	 [53, 5]

	 [51, 39]

	 [76, 55]

	 [97, 36]

	 [37, 24]

	 [82, 23]

	 [68, 21]

	 [49, 41]

	 [88, 66]

	 [54, 47]

	 [63, 13]

	 [54, 30]

	 [89, 8]

	 [96, 52]

	 [95, 53]

	 [96, 45]

	 [45, 40]

	 [14, 12]

	 [56, 54]

	 [88, 36]

ITERACION:  39

INTERMCAMBIO: ( 65 ,  37 )

RECORRIDO:  [8, 7, 32, 71, 29, 51, 19, 49, 9, 61, 33, 26, 20, 39, 47, 25, 23, 54, 16, 85, 95, 38, 86, 70, 58, 87, 43, 30, 82, 17, 67, 77, 59, 91, 60, 41, 56, 36, 84, 92, 94, 68, 53, 31, 99, 80, 90, 34, 12, 24, 4, 28, 11, 78, 35, 1, 27, 64, 81, 75, 97, 62, 57, 69, 44, 83, 46, 37, 55, 40, 18, 21, 2, 98, 42, 52, 96, 89, 5, 65, 6, 50, 10, 63, 45, 72, 73, 22, 79, 3, 15, 48, 74, 88, 93, 14, 66, 76, 13]

COSTE(km):  11331

ITERACIONES SIN MEJORA:  0

	 [73, 57]

	 [48, 32]

	 [81, 1]

	 [27, 17]

	 [60, 49]

	 [34, 19]

	 [76, 64]

	 [90, 12]

	 [42, 0]

	 [83, 3]

	 [15, 6]

	 [71, 21]

	 [17, 9]

	 [75, 26]

	 [93, 28]

	 [94, 36]

	 [77, 50]

	 [66, 13]

	 [87, 5]

	 [53, 5]

	 [51, 39]

	 [76, 55]

	 [97, 36]

	 [37, 24]

	 [82, 23]

	 [68, 21]

	 [49, 41]

	 [88, 66]

	 [54, 47]

	 [63, 13]

	 [54, 30]

	 [89, 8]

	 [96, 52]

	 [95, 53]

	 [96, 45]

	 [45, 40]

	 [14, 12]

	 [56, 54]

	 [88, 36]

	 [65, 37]

ITERACION:  40

INTERMCAMBIO: ( 39 ,  38 )

RECORRIDO:  [8, 7, 32, 71, 29, 51, 19, 49, 9, 61, 33, 26, 20, 39, 47, 25, 23, 54, 16, 85, 95, 38, 86, 70, 58, 87, 43, 30, 82, 17, 67, 77, 59, 91, 60, 41, 56, 36, 92, 84, 94, 68, 53, 31, 99, 80, 90, 34, 12, 24, 4, 28, 11, 78, 35, 1, 27, 64, 81, 75, 97, 62, 57, 69, 44, 83, 46, 37, 55, 40, 18, 21, 2, 98, 42, 52, 96, 89, 5, 65, 6, 50, 10, 63, 45, 72, 73, 22, 79, 3, 15, 48, 74, 88, 93, 14, 66, 76, 13]

COSTE(km):  11137

ITERACIONES SIN MEJORA:  0

	 [73, 57]

	 [48, 32]

	 [81, 1]

	 [27, 17]

	 [60, 49]

	 [34, 19]

	 [76, 64]

	 [90, 12]

	 [42, 0]

	 [83, 3]

	 [15, 6]

	 [71, 21]

	 [17, 9]

	 [75, 26]

	 [93, 28]

	 [94, 36]

	 [77, 50]

	 [66, 13]

	 [87, 5]

	 [53, 5]

	 [51, 39]

	 [76, 55]

	 [97, 36]

	 [37, 24]

	 [82, 23]

	 [68, 21]

	 [49, 41]

	 [88, 66]

	 [54, 47]

	 [63, 13]

	 [54, 30]

	 [89, 8]

	 [96, 52]

	 [95, 53]

	 [96, 45]

	 [45, 40]

	 [14, 12]

	 [56, 54]

	 [88, 36]

	 [65, 37]

	 [39, 38]

ITERACION:  41

INTERMCAMBIO: ( 55 ,  45 )

RECORRIDO:  [8, 7, 32, 71, 29, 51, 19, 49, 9, 61, 33, 26, 20, 39, 47, 25, 23, 54, 16, 85, 95, 38, 86, 70, 58, 87, 43, 30, 82, 17, 67, 77, 59, 91, 60, 41, 56, 36, 92, 84, 94, 68, 53, 31, 99, 1, 90, 34, 12, 24, 4, 28, 11, 78, 35, 80, 27, 64, 81, 75, 97, 62, 57, 69, 44, 83, 46, 37, 55, 40, 18, 21, 2, 98, 42, 52, 96, 89, 5, 65, 6, 50, 10, 63, 45, 72, 73, 22, 79, 3, 15, 48, 74, 88, 93, 14, 66, 76, 13]

COSTE(km):  11042

ITERACIONES SIN MEJORA:  0

	 [73, 57]

	 [48, 32]

	 [81, 1]

	 [27, 17]

	 [60, 49]

	 [34, 19]

	 [76, 64]

	 [90, 12]

	 [42, 0]

	 [83, 3]

	 [15, 6]

	 [71, 21]

	 [17, 9]

	 [75, 26]

	 [93, 28]

	 [94, 36]

	 [77, 50]

	 [66, 13]

	 [87, 5]

	 [53, 5]

	 [51, 39]

	 [76, 55]

	 [97, 36]

	 [37, 24]

	 [82, 23]

	 [68, 21]

	 [49, 41]

	 [88, 66]

	 [54, 47]

	 [63, 13]

	 [54, 30]

	 [89, 8]

	 [96, 52]

	 [95, 53]

	 [96, 45]

	 [45, 40]

	 [14, 12]

	 [56, 54]

	 [88, 36]

	 [65, 37]

	 [39, 38]

	 [55, 45]

ITERACION:  42

INTERMCAMBIO: ( 76 ,  10 )

RECORRIDO:  [8, 7, 32, 71, 29, 51, 19, 49, 9, 61, 96, 26, 20, 39, 47, 25, 23, 54, 16, 85, 95, 38, 86, 70, 58, 87, 43, 30, 82, 17, 67, 77, 59, 91, 60, 41, 56, 36, 92, 84, 94, 68, 53, 31, 99, 1, 90, 34, 12, 24, 4, 28, 11, 78, 35, 80, 27, 64, 81, 75, 97, 62, 57, 69, 44, 83, 46, 37, 55, 40, 18, 21, 2, 98, 42, 52, 33, 89, 5, 65, 6, 50, 10, 63, 45, 72, 73, 22, 79, 3, 15, 48, 74, 88, 93, 14, 66, 76, 13]

COSTE(km):  10953

ITERACIONES SIN MEJORA:  0

	 [73, 57]

	 [48, 32]

	 [81, 1]

	 [27, 17]

	 [60, 49]

	 [34, 19]

	 [76, 64]

	 [90, 12]

	 [42, 0]

	 [83, 3]

	 [15, 6]

	 [71, 21]

	 [17, 9]

	 [75, 26]

	 [93, 28]

	 [94, 36]

	 [77, 50]

	 [66, 13]

	 [87, 5]

	 [53, 5]

	 [51, 39]

	 [76, 55]

	 [97, 36]

	 [37, 24]

	 [82, 23]

	 [68, 21]

	 [49, 41]

	 [88, 66]

	 [54, 47]

	 [63, 13]

	 [54, 30]

	 [89, 8]

	 [96, 52]

	 [95, 53]

	 [96, 45]

	 [45, 40]

	 [14, 12]

	 [56, 54]

	 [88, 36]

	 [65, 37]

	 [39, 38]

	 [55, 45]

	 [76, 10]

ITERACION:  43

INTERMCAMBIO: ( 45 ,  9 )

RECORRIDO:  [8, 7, 32, 71, 29, 51, 19, 49, 9, 1, 96, 26, 20, 39, 47, 25, 23, 54, 16, 85, 95, 38, 86, 70, 58, 87, 43, 30, 82, 17, 67, 77, 59, 91, 60, 41, 56, 36, 92, 84, 94, 68, 53, 31, 99, 61, 90, 34, 12, 24, 4, 28, 11, 78, 35, 80, 27, 64, 81, 75, 97, 62, 57, 69, 44, 83, 46, 37, 55, 40, 18, 21, 2, 98, 42, 52, 33, 89, 5, 65, 6, 50, 10, 63, 45, 72, 73, 22, 79, 3, 15, 48, 74, 88, 93, 14, 66, 76, 13]

COSTE(km):  10815

ITERACIONES SIN MEJORA:  0

	 [73, 57]

	 [48, 32]

	 [81, 1]

	 [27, 17]

	 [60, 49]

	 [34, 19]

	 [76, 64]

	 [90, 12]

	 [42, 0]

	 [83, 3]

	 [15, 6]

	 [71, 21]

	 [17, 9]

	 [75, 26]

	 [93, 28]

	 [94, 36]

	 [77, 50]

	 [66, 13]

	 [87, 5]

	 [53, 5]

	 [51, 39]

	 [76, 55]

	 [97, 36]

	 [37, 24]

	 [82, 23]

	 [68, 21]

	 [49, 41]

	 [88, 66]

	 [54, 47]

	 [63, 13]

	 [54, 30]

	 [89, 8]

	 [96, 52]

	 [95, 53]

	 [96, 45]

	 [45, 40]

	 [14, 12]

	 [56, 54]

	 [88, 36]

	 [65, 37]

	 [39, 38]

	 [55, 45]

	 [76, 10]

	 [45, 9]

ITERACION:  44

INTERMCAMBIO: ( 9 ,  0 )

RECORRIDO:  [1, 7, 32, 71, 29, 51, 19, 49, 9, 8, 96, 26, 20, 39, 47, 25, 23, 54, 16, 85, 95, 38, 86, 70, 58, 87, 43, 30, 82, 17, 67, 77, 59, 91, 60, 41, 56, 36, 92, 84, 94, 68, 53, 31, 99, 61, 90, 34, 12, 24, 4, 28, 11, 78, 35, 80, 27, 64, 81, 75, 97, 62, 57, 69, 44, 83, 46, 37, 55, 40, 18, 21, 2, 98, 42, 52, 33, 89, 5, 65, 6, 50, 10, 63, 45, 72, 73, 22, 79, 3, 15, 48, 74, 88, 93, 14, 66, 76, 13]

COSTE(km):  10684

ITERACIONES SIN MEJORA:  0

	 [73, 57]

	 [48, 32]

	 [81, 1]

	 [27, 17]

	 [60, 49]

	 [34, 19]

	 [76, 64]

	 [90, 12]

	 [42, 0]

	 [83, 3]

	 [15, 6]

	 [71, 21]

	 [17, 9]

	 [75, 26]

	 [93, 28]

	 [94, 36]

	 [77, 50]

	 [66, 13]

	 [87, 5]

	 [53, 5]

	 [51, 39]

	 [76, 55]

	 [97, 36]

	 [37, 24]

	 [82, 23]

	 [68, 21]

	 [49, 41]

	 [88, 66]

	 [54, 47]

	 [63, 13]

	 [54, 30]

	 [89, 8]

	 [96, 52]

	 [95, 53]

	 [96, 45]

	 [45, 40]

	 [14, 12]

	 [56, 54]

	 [88, 36]

	 [65, 37]

	 [39, 38]

	 [55, 45]

	 [76, 10]

	 [45, 9]

	 [9, 0]

ITERACION:  45

INTERMCAMBIO: ( 73 ,  0 )

RECORRIDO:  [98, 7, 32, 71, 29, 51, 19, 49, 9, 8, 96, 26, 20, 39, 47, 25, 23, 54, 16, 85, 95, 38, 86, 70, 58, 87, 43, 30, 82, 17, 67, 77, 59, 91, 60, 41, 56, 36, 92, 84, 94, 68, 53, 31, 99, 61, 90, 34, 12, 24, 4, 28, 11, 78, 35, 80, 27, 64, 81, 75, 97, 62, 57, 69, 44, 83, 46, 37, 55, 40, 18, 21, 2, 1, 42, 52, 33, 89, 5, 65, 6, 50, 10, 63, 45, 72, 73, 22, 79, 3, 15, 48, 74, 88, 93, 14, 66, 76, 13]

COSTE(km):  10522

ITERACIONES SIN MEJORA:  0

	 [73, 57]

	 [48, 32]

	 [81, 1]

	 [27, 17]

	 [60, 49]

	 [34, 19]

	 [76, 64]

	 [90, 12]

	 [42, 0]

	 [83, 3]

	 [15, 6]

	 [71, 21]

	 [17, 9]

	 [75, 26]

	 [93, 28]

	 [94, 36]

	 [77, 50]

	 [66, 13]

	 [87, 5]

	 [53, 5]

	 [51, 39]

	 [76, 55]

	 [97, 36]

	 [37, 24]

	 [82, 23]

	 [68, 21]

	 [49, 41]

	 [88, 66]

	 [54, 47]

	 [63, 13]

	 [54, 30]

	 [89, 8]

	 [96, 52]

	 [95, 53]

	 [96, 45]

	 [45, 40]

	 [14, 12]

	 [56, 54]

	 [88, 36]

	 [65, 37]

	 [39, 38]

	 [55, 45]

	 [76, 10]

	 [45, 9]

	 [9, 0]

	 [73, 0]

ITERACION:  46

INTERMCAMBIO: ( 74 ,  19 )

RECORRIDO:  [98, 7, 32, 71, 29, 51, 19, 49, 9, 8, 96, 26, 20, 39, 47, 25, 23, 54, 16, 42, 95, 38, 86, 70, 58, 87, 43, 30, 82, 17, 67, 77, 59, 91, 60, 41, 56, 36, 92, 84, 94, 68, 53, 31, 99, 61, 90, 34, 12, 24, 4, 28, 11, 78, 35, 80, 27, 64, 81, 75, 97, 62, 57, 69, 44, 83, 46, 37, 55, 40, 18, 21, 2, 1, 85, 52, 33, 89, 5, 65, 6, 50, 10, 63, 45, 72, 73, 22, 79, 3, 15, 48, 74, 88, 93, 14, 66, 76, 13]

COSTE(km):  10276

ITERACIONES SIN MEJORA:  0

	 [73, 57]

	 [48, 32]

	 [81, 1]

	 [27, 17]

	 [60, 49]

	 [34, 19]

	 [76, 64]

	 [90, 12]

	 [42, 0]

	 [83, 3]

	 [15, 6]

	 [71, 21]

	 [17, 9]

	 [75, 26]

	 [93, 28]

	 [94, 36]

	 [77, 50]

	 [66, 13]

	 [87, 5]

	 [53, 5]

	 [51, 39]

	 [76, 55]

	 [97, 36]

	 [37, 24]

	 [82, 23]

	 [68, 21]

	 [49, 41]

	 [88, 66]

	 [54, 47]

	 [63, 13]

	 [54, 30]

	 [89, 8]

	 [96, 52]

	 [95, 53]

	 [96, 45]

	 [45, 40]

	 [14, 12]

	 [56, 54]

	 [88, 36]

	 [65, 37]

	 [39, 38]

	 [55, 45]

	 [76, 10]

	 [45, 9]

	 [9, 0]

	 [73, 0]

	 [74, 19]

ITERACION:  47

INTERMCAMBIO: ( 62 ,  46 )

RECORRIDO:  [98, 7, 32, 71, 29, 51, 19, 49, 9, 8, 96, 26, 20, 39, 47, 25, 23, 54, 16, 42, 95, 38, 86, 70, 58, 87, 43, 30, 82, 17, 67, 77, 59, 91, 60, 41, 56, 36, 92, 84, 94, 68, 53, 31, 99, 61, 57, 34, 12, 24, 4, 28, 11, 78, 35, 80, 27, 64, 81, 75, 97, 62, 90, 69, 44, 83, 46, 37, 55, 40, 18, 21, 2, 1, 85, 52, 33, 89, 5, 65, 6, 50, 10, 63, 45, 72, 73, 22, 79, 3, 15, 48, 74, 88, 93, 14, 66, 76, 13]

COSTE(km):  10174

ITERACIONES SIN MEJORA:  0

	 [73, 57]

	 [48, 32]

	 [81, 1]

	 [27, 17]

	 [60, 49]

	 [34, 19]

	 [76, 64]

	 [90, 12]

	 [42, 0]

	 [83, 3]

	 [15, 6]

	 [71, 21]

	 [17, 9]

	 [75, 26]

	 [93, 28]

	 [94, 36]

	 [77, 50]

	 [66, 13]

	 [87, 5]

	 [53, 5]

	 [51, 39]

	 [76, 55]

	 [97, 36]

	 [37, 24]

	 [82, 23]

	 [68, 21]

	 [49, 41]

	 [88, 66]

	 [54, 47]

	 [63, 13]

	 [54, 30]

	 [89, 8]

	 [96, 52]

	 [95, 53]

	 [96, 45]

	 [45, 40]

	 [14, 12]

	 [56, 54]

	 [88, 36]

	 [65, 37]

	 [39, 38]

	 [55, 45]

	 [76, 10]

	 [45, 9]

	 [9, 0]

	 [73, 0]

	 [74, 19]

	 [62, 46]

ITERACION:  48

INTERMCAMBIO: ( 48 ,  46 )

RECORRIDO:  [98, 7, 32, 71, 29, 51, 19, 49, 9, 8, 96, 26, 20, 39, 47, 25, 23, 54, 16, 42, 95, 38, 86, 70, 58, 87, 43, 30, 82, 17, 67, 77, 59, 91, 60, 41, 56, 36, 92, 84, 94, 68, 53, 31, 99, 61, 12, 34, 57, 24, 4, 28, 11, 78, 35, 80, 27, 64, 81, 75, 97, 62, 90, 69, 44, 83, 46, 37, 55, 40, 18, 21, 2, 1, 85, 52, 33, 89, 5, 65, 6, 50, 10, 63, 45, 72, 73, 22, 79, 3, 15, 48, 74, 88, 93, 14, 66, 76, 13]

COSTE(km):  10092

ITERACIONES SIN MEJORA:  0

	 [73, 57]

	 [48, 32]

	 [81, 1]

	 [27, 17]

	 [60, 49]

	 [34, 19]

	 [76, 64]

	 [90, 12]

	 [42, 0]

	 [83, 3]

	 [15, 6]

	 [71, 21]

	 [17, 9]

	 [75, 26]

	 [93, 28]

	 [94, 36]

	 [77, 50]

	 [66, 13]

	 [87, 5]

	 [53, 5]

	 [51, 39]

	 [76, 55]

	 [97, 36]

	 [37, 24]

	 [82, 23]

	 [68, 21]

	 [49, 41]

	 [88, 66]

	 [54, 47]

	 [63, 13]

	 [54, 30]

	 [89, 8]

	 [96, 52]

	 [95, 53]

	 [96, 45]

	 [45, 40]

	 [14, 12]

	 [56, 54]

	 [88, 36]

	 [65, 37]

	 [39, 38]

	 [55, 45]

	 [76, 10]

	 [45, 9]

	 [9, 0]

	 [73, 0]

	 [74, 19]

	 [62, 46]

	 [48, 46]

ITERACION:  49

INTERMCAMBIO: ( 65 ,  23 )

RECORRIDO:  [98, 7, 32, 71, 29, 51, 19, 49, 9, 8, 96, 26, 20, 39, 47, 25, 23, 54, 16, 42, 95, 38, 86, 83, 58, 87, 43, 30, 82, 17, 67, 77, 59, 91, 60, 41, 56, 36, 92, 84, 94, 68, 53, 31, 99, 61, 12, 34, 57, 24, 4, 28, 11, 78, 35, 80, 27, 64, 81, 75, 97, 62, 90, 69, 44, 70, 46, 37, 55, 40, 18, 21, 2, 1, 85, 52, 33, 89, 5, 65, 6, 50, 10, 63, 45, 72, 73, 22, 79, 3, 15, 48, 74, 88, 93, 14, 66, 76, 13]

COSTE(km):  10061

ITERACIONES SIN MEJORA:  0

	 [73, 57]

	 [48, 32]

	 [81, 1]

	 [27, 17]

	 [60, 49]

	 [34, 19]

	 [76, 64]

	 [90, 12]

	 [42, 0]

	 [83, 3]

	 [15, 6]

	 [71, 21]

	 [17, 9]

	 [75, 26]

	 [93, 28]

	 [94, 36]

	 [77, 50]

	 [66, 13]

	 [87, 5]

	 [53, 5]

	 [51, 39]

	 [76, 55]

	 [97, 36]

	 [37, 24]

	 [82, 23]

	 [68, 21]

	 [49, 41]

	 [88, 66]

	 [54, 47]

	 [63, 13]

	 [54, 30]

	 [89, 8]

	 [96, 52]

	 [95, 53]

	 [96, 45]

	 [45, 40]

	 [14, 12]

	 [56, 54]

	 [88, 36]

	 [65, 37]

	 [39, 38]

	 [55, 45]

	 [76, 10]

	 [45, 9]

	 [9, 0]

	 [73, 0]

	 [74, 19]

	 [62, 46]

	 [48, 46]

	 [65, 23]

ITERACION:  50

INTERMCAMBIO: ( 23 ,  3 )

RECORRIDO:  [98, 7, 32, 83, 29, 51, 19, 49, 9, 8, 96, 26, 20, 39, 47, 25, 23, 54, 16, 42, 95, 38, 86, 71, 58, 87, 43, 30, 82, 17, 67, 77, 59, 91, 60, 41, 56, 36, 92, 84, 94, 68, 53, 31, 99, 61, 12, 34, 57, 24, 4, 28, 11, 78, 35, 80, 27, 64, 81, 75, 97, 62, 90, 69, 44, 70, 46, 37, 55, 40, 18, 21, 2, 1, 85, 52, 33, 89, 5, 65, 6, 50, 10, 63, 45, 72, 73, 22, 79, 3, 15, 48, 74, 88, 93, 14, 66, 76, 13]

COSTE(km):  9928

ITERACIONES SIN MEJORA:  0

	 [73, 57]

	 [48, 32]

	 [81, 1]

	 [27, 17]

	 [60, 49]

	 [34, 19]

	 [76, 64]

	 [90, 12]

	 [42, 0]

	 [83, 3]

	 [15, 6]

	 [71, 21]

	 [17, 9]

	 [75, 26]

	 [93, 28]

	 [94, 36]

	 [77, 50]

	 [66, 13]

	 [87, 5]

	 [53, 5]

	 [51, 39]

	 [76, 55]

	 [97, 36]

	 [37, 24]

	 [82, 23]

	 [68, 21]

	 [49, 41]

	 [88, 66]

	 [54, 47]

	 [63, 13]

	 [54, 30]

	 [89, 8]

	 [96, 52]

	 [95, 53]

	 [96, 45]

	 [45, 40]

	 [14, 12]

	 [56, 54]

	 [88, 36]

	 [65, 37]

	 [39, 38]

	 [55, 45]

	 [76, 10]

	 [45, 9]

	 [9, 0]

	 [73, 0]

	 [74, 19]

	 [62, 46]

	 [48, 46]

	 [65, 23]

	 [23, 3]

ITERACION:  51

INTERMCAMBIO: ( 23 ,  3 )

RECORRIDO:  [98, 7, 32, 83, 29, 51, 19, 49, 9, 8, 96, 26, 20, 39, 47, 25, 23, 54, 16, 42, 95, 38, 86, 71, 58, 87, 43, 30, 82, 17, 67, 77, 59, 91, 60, 41, 56, 36, 92, 84, 94, 68, 53, 31, 99, 61, 12, 34, 57, 24, 4, 28, 11, 78, 35, 80, 27, 64, 81, 75, 97, 62, 90, 69, 44, 70, 46, 37, 55, 40, 18, 21, 2, 1, 85, 52, 33, 89, 5, 65, 6, 50, 10, 63, 45, 72, 73, 22, 79, 3, 15, 48, 74, 88, 93, 14, 66, 76, 13]

COSTE(km):  9928

ITERACIONES SIN MEJORA:  1

	 [73, 57]

	 [48, 32]

	 [81, 1]

	 [27, 17]

	 [60, 49]

	 [34, 19]

	 [76, 64]

	 [90, 12]

	 [42, 0]

	 [83, 3]

	 [15, 6]

	 [71, 21]

	 [17, 9]

	 [75, 26]

	 [93, 28]

	 [94, 36]

	 [77, 50]

	 [66, 13]

	 [87, 5]

	 [53, 5]

	 [51, 39]

	 [76, 55]

	 [97, 36]

	 [37, 24]

	 [82, 23]

	 [68, 21]

	 [49, 41]

	 [88, 66]

	 [54, 47]

	 [63, 13]

	 [54, 30]

	 [89, 8]

	 [96, 52]

	 [95, 53]

	 [96, 45]

	 [45, 40]

	 [14, 12]

	 [56, 54]

	 [88, 36]

	 [65, 37]

	 [39, 38]

	 [55, 45]

	 [76, 10]

	 [45, 9]

	 [9, 0]

	 [73, 0]

	 [74, 19]

	 [62, 46]

	 [48, 46]

	 [65, 23]

	 [23, 3]

	 [23, 3]

ITERACION:  52

INTERMCAMBIO: ( 23 ,  3 )

RECORRIDO:  [98, 7, 32, 83, 29, 51, 19, 49, 9, 8, 96, 26, 20, 39, 47, 25, 23, 54, 16, 42, 95, 38, 86, 71, 58, 87, 43, 30, 82, 17, 67, 77, 59, 91, 60, 41, 56, 36, 92, 84, 94, 68, 53, 31, 99, 61, 12, 34, 57, 24, 4, 28, 11, 78, 35, 80, 27, 64, 81, 75, 97, 62, 90, 69, 44, 70, 46, 37, 55, 40, 18, 21, 2, 1, 85, 52, 33, 89, 5, 65, 6, 50, 10, 63, 45, 72, 73, 22, 79, 3, 15, 48, 74, 88, 93, 14, 66, 76, 13]

COSTE(km):  9928

ITERACIONES SIN MEJORA:  2

	 [73, 57]

	 [48, 32]

	 [81, 1]

	 [27, 17]

	 [60, 49]

	 [34, 19]

	 [76, 64]

	 [90, 12]

	 [42, 0]

	 [83, 3]

	 [15, 6]

	 [71, 21]

	 [17, 9]

	 [75, 26]

	 [93, 28]

	 [94, 36]

	 [77, 50]

	 [66, 13]

	 [87, 5]

	 [53, 5]

	 [51, 39]

	 [76, 55]

	 [97, 36]

	 [37, 24]

	 [82, 23]

	 [68, 21]

	 [49, 41]

	 [88, 66]

	 [54, 47]

	 [63, 13]

	 [54, 30]

	 [89, 8]

	 [96, 52]

	 [95, 53]

	 [96, 45]

	 [45, 40]

	 [14, 12]

	 [56, 54]

	 [88, 36]

	 [65, 37]

	 [39, 38]

	 [55, 45]

	 [76, 10]

	 [45, 9]

	 [9, 0]

	 [73, 0]

	 [74, 19]

	 [62, 46]

	 [48, 46]

	 [65, 23]

	 [23, 3]

	 [23, 3]

	 [23, 3]

ITERACION:  53

INTERMCAMBIO: ( 23 ,  3 )

RECORRIDO:  [98, 7, 32, 83, 29, 51, 19, 49, 9, 8, 96, 26, 20, 39, 47, 25, 23, 54, 16, 42, 95, 38, 86, 71, 58, 87, 43, 30, 82, 17, 67, 77, 59, 91, 60, 41, 56, 36, 92, 84, 94, 68, 53, 31, 99, 61, 12, 34, 57, 24, 4, 28, 11, 78, 35, 80, 27, 64, 81, 75, 97, 62, 90, 69, 44, 70, 46, 37, 55, 40, 18, 21, 2, 1, 85, 52, 33, 89, 5, 65, 6, 50, 10, 63, 45, 72, 73, 22, 79, 3, 15, 48, 74, 88, 93, 14, 66, 76, 13]

COSTE(km):  9928

ITERACIONES SIN MEJORA:  3

	 [73, 57]

	 [48, 32]

	 [81, 1]

	 [27, 17]

	 [60, 49]

	 [34, 19]

	 [76, 64]

	 [90, 12]

	 [42, 0]

	 [83, 3]

	 [15, 6]

	 [71, 21]

	 [17, 9]

	 [75, 26]

	 [93, 28]

	 [94, 36]

	 [77, 50]

	 [66, 13]

	 [87, 5]

	 [53, 5]

	 [51, 39]

	 [76, 55]

	 [97, 36]

	 [37, 24]

	 [82, 23]

	 [68, 21]

	 [49, 41]

	 [88, 66]

	 [54, 47]

	 [63, 13]

	 [54, 30]

	 [89, 8]

	 [96, 52]

	 [95, 53]

	 [96, 45]

	 [45, 40]

	 [14, 12]

	 [56, 54]

	 [88, 36]

	 [65, 37]

	 [39, 38]

	 [55, 45]

	 [76, 10]

	 [45, 9]

	 [9, 0]

	 [73, 0]

	 [74, 19]

	 [62, 46]

	 [48, 46]

	 [65, 23]

	 [23, 3]

	 [23, 3]

	 [23, 3]

	 [23, 3]

ITERACION:  54

INTERMCAMBIO: ( 23 ,  3 )

RECORRIDO:  [98, 7, 32, 83, 29, 51, 19, 49, 9, 8, 96, 26, 20, 39, 47, 25, 23, 54, 16, 42, 95, 38, 86, 71, 58, 87, 43, 30, 82, 17, 67, 77, 59, 91, 60, 41, 56, 36, 92, 84, 94, 68, 53, 31, 99, 61, 12, 34, 57, 24, 4, 28, 11, 78, 35, 80, 27, 64, 81, 75, 97, 62, 90, 69, 44, 70, 46, 37, 55, 40, 18, 21, 2, 1, 85, 52, 33, 89, 5, 65, 6, 50, 10, 63, 45, 72, 73, 22, 79, 3, 15, 48, 74, 88, 93, 14, 66, 76, 13]

COSTE(km):  9928

ITERACIONES SIN MEJORA:  4

	 [73, 57]

	 [48, 32]

	 [81, 1]

	 [27, 17]

	 [60, 49]

	 [34, 19]

	 [76, 64]

	 [90, 12]

	 [42, 0]

	 [83, 3]

	 [15, 6]

	 [71, 21]

	 [17, 9]

	 [75, 26]

	 [93, 28]

	 [94, 36]

	 [77, 50]

	 [66, 13]

	 [87, 5]

	 [53, 5]

	 [51, 39]

	 [76, 55]

	 [97, 36]

	 [37, 24]

	 [82, 23]

	 [68, 21]

	 [49, 41]

	 [88, 66]

	 [54, 47]

	 [63, 13]

	 [54, 30]

	 [89, 8]

	 [96, 52]

	 [95, 53]

	 [96, 45]

	 [45, 40]

	 [14, 12]

	 [56, 54]

	 [88, 36]

	 [65, 37]

	 [39, 38]

	 [55, 45]

	 [76, 10]

	 [45, 9]

	 [9, 0]

	 [73, 0]

	 [74, 19]

	 [62, 46]

	 [48, 46]

	 [65, 23]

	 [23, 3]

	 [23, 3]

	 [23, 3]

	 [23, 3]

	 [23, 3]

ITERACION:  55

INTERMCAMBIO: ( 23 ,  3 )

RECORRIDO:  [98, 7, 32, 83, 29, 51, 19, 49, 9, 8, 96, 26, 20, 39, 47, 25, 23, 54, 16, 42, 95, 38, 86, 71, 58, 87, 43, 30, 82, 17, 67, 77, 59, 91, 60, 41, 56, 36, 92, 84, 94, 68, 53, 31, 99, 61, 12, 34, 57, 24, 4, 28, 11, 78, 35, 80, 27, 64, 81, 75, 97, 62, 90, 69, 44, 70, 46, 37, 55, 40, 18, 21, 2, 1, 85, 52, 33, 89, 5, 65, 6, 50, 10, 63, 45, 72, 73, 22, 79, 3, 15, 48, 74, 88, 93, 14, 66, 76, 13]

COSTE(km):  9928

ITERACIONES SIN MEJORA:  5

	 [73, 57]

	 [48, 32]

	 [81, 1]

	 [27, 17]

	 [60, 49]

	 [34, 19]

	 [76, 64]

	 [90, 12]

	 [42, 0]

	 [83, 3]

	 [15, 6]

	 [71, 21]

	 [17, 9]

	 [75, 26]

	 [93, 28]

	 [94, 36]

	 [77, 50]

	 [66, 13]

	 [87, 5]

	 [53, 5]

	 [51, 39]

	 [76, 55]

	 [97, 36]

	 [37, 24]

	 [82, 23]

	 [68, 21]

	 [49, 41]

	 [88, 66]

	 [54, 47]

	 [63, 13]

	 [54, 30]

	 [89, 8]

	 [96, 52]

	 [95, 53]

	 [96, 45]

	 [45, 40]

	 [14, 12]

	 [56, 54]

	 [88, 36]

	 [65, 37]

	 [39, 38]

	 [55, 45]

	 [76, 10]

	 [45, 9]

	 [9, 0]

	 [73, 0]

	 [74, 19]

	 [62, 46]

	 [48, 46]

	 [65, 23]

	 [23, 3]

	 [23, 3]

	 [23, 3]

	 [23, 3]

	 [23, 3]

	 [23, 3]

ITERACION:  56

INTERMCAMBIO: ( 23 ,  3 )

RECORRIDO:  [98, 7, 32, 83, 29, 51, 19, 49, 9, 8, 96, 26, 20, 39, 47, 25, 23, 54, 16, 42, 95, 38, 86, 71, 58, 87, 43, 30, 82, 17, 67, 77, 59, 91, 60, 41, 56, 36, 92, 84, 94, 68, 53, 31, 99, 61, 12, 34, 57, 24, 4, 28, 11, 78, 35, 80, 27, 64, 81, 75, 97, 62, 90, 69, 44, 70, 46, 37, 55, 40, 18, 21, 2, 1, 85, 52, 33, 89, 5, 65, 6, 50, 10, 63, 45, 72, 73, 22, 79, 3, 15, 48, 74, 88, 93, 14, 66, 76, 13]

COSTE(km):  9928

ITERACIONES SIN MEJORA:  6

	 [73, 57]

	 [48, 32]

	 [81, 1]

	 [27, 17]

	 [60, 49]

	 [34, 19]

	 [76, 64]

	 [90, 12]

	 [42, 0]

	 [83, 3]

	 [15, 6]

	 [71, 21]

	 [17, 9]

	 [75, 26]

	 [93, 28]

	 [94, 36]

	 [77, 50]

	 [66, 13]

	 [87, 5]

	 [53, 5]

	 [51, 39]

	 [76, 55]

	 [97, 36]

	 [37, 24]

	 [82, 23]

	 [68, 21]

	 [49, 41]

	 [88, 66]

	 [54, 47]

	 [63, 13]

	 [54, 30]

	 [89, 8]

	 [96, 52]

	 [95, 53]

	 [96, 45]

	 [45, 40]

	 [14, 12]

	 [56, 54]

	 [88, 36]

	 [65, 37]

	 [39, 38]

	 [55, 45]

	 [76, 10]

	 [45, 9]

	 [9, 0]

	 [73, 0]

	 [74, 19]

	 [62, 46]

	 [48, 46]

	 [65, 23]

	 [23, 3]

	 [23, 3]

	 [23, 3]

	 [23, 3]

	 [23, 3]

	 [23, 3]

	 [23, 3]

ITERACION:  57

INTERMCAMBIO: ( 23 ,  3 )

RECORRIDO:  [98, 7, 32, 83, 29, 51, 19, 49, 9, 8, 96, 26, 20, 39, 47, 25, 23, 54, 16, 42, 95, 38, 86, 71, 58, 87, 43, 30, 82, 17, 67, 77, 59, 91, 60, 41, 56, 36, 92, 84, 94, 68, 53, 31, 99, 61, 12, 34, 57, 24, 4, 28, 11, 78, 35, 80, 27, 64, 81, 75, 97, 62, 90, 69, 44, 70, 46, 37, 55, 40, 18, 21, 2, 1, 85, 52, 33, 89, 5, 65, 6, 50, 10, 63, 45, 72, 73, 22, 79, 3, 15, 48, 74, 88, 93, 14, 66, 76, 13]

COSTE(km):  9928

ITERACIONES SIN MEJORA:  7

	 [73, 57]

	 [48, 32]

	 [81, 1]

	 [27, 17]

	 [60, 49]

	 [34, 19]

	 [76, 64]

	 [90, 12]

	 [42, 0]

	 [83, 3]

	 [15, 6]

	 [71, 21]

	 [17, 9]

	 [75, 26]

	 [93, 28]

	 [94, 36]

	 [77, 50]

	 [66, 13]

	 [87, 5]

	 [53, 5]

	 [51, 39]

	 [76, 55]

	 [97, 36]

	 [37, 24]

	 [82, 23]

	 [68, 21]

	 [49, 41]

	 [88, 66]

	 [54, 47]

	 [63, 13]

	 [54, 30]

	 [89, 8]

	 [96, 52]

	 [95, 53]

	 [96, 45]

	 [45, 40]

	 [14, 12]

	 [56, 54]

	 [88, 36]

	 [65, 37]

	 [39, 38]

	 [55, 45]

	 [76, 10]

	 [45, 9]

	 [9, 0]

	 [73, 0]

	 [74, 19]

	 [62, 46]

	 [48, 46]

	 [65, 23]

	 [23, 3]

	 [23, 3]

	 [23, 3]

	 [23, 3]

	 [23, 3]

	 [23, 3]

	 [23, 3]

	 [23, 3]

ITERACION:  58

INTERMCAMBIO: ( 23 ,  3 )

RECORRIDO:  [98, 7, 32, 83, 29, 51, 19, 49, 9, 8, 96, 26, 20, 39, 47, 25, 23, 54, 16, 42, 95, 38, 86, 71, 58, 87, 43, 30, 82, 17, 67, 77, 59, 91, 60, 41, 56, 36, 92, 84, 94, 68, 53, 31, 99, 61, 12, 34, 57, 24, 4, 28, 11, 78, 35, 80, 27, 64, 81, 75, 97, 62, 90, 69, 44, 70, 46, 37, 55, 40, 18, 21, 2, 1, 85, 52, 33, 89, 5, 65, 6, 50, 10, 63, 45, 72, 73, 22, 79, 3, 15, 48, 74, 88, 93, 14, 66, 76, 13]

COSTE(km):  9928

ITERACIONES SIN MEJORA:  8

	 [73, 57]

	 [48, 32]

	 [81, 1]

	 [27, 17]

	 [60, 49]

	 [34, 19]

	 [76, 64]

	 [90, 12]

	 [42, 0]

	 [83, 3]

	 [15, 6]

	 [71, 21]

	 [17, 9]

	 [75, 26]

	 [93, 28]

	 [94, 36]

	 [77, 50]

	 [66, 13]

	 [87, 5]

	 [53, 5]

	 [51, 39]

	 [76, 55]

	 [97, 36]

	 [37, 24]

	 [82, 23]

	 [68, 21]

	 [49, 41]

	 [88, 66]

	 [54, 47]

	 [63, 13]

	 [54, 30]

	 [89, 8]

	 [96, 52]

	 [95, 53]

	 [96, 45]

	 [45, 40]

	 [14, 12]

	 [56, 54]

	 [88, 36]

	 [65, 37]

	 [39, 38]

	 [55, 45]

	 [76, 10]

	 [45, 9]

	 [9, 0]

	 [73, 0]

	 [74, 19]

	 [62, 46]

	 [48, 46]

	 [65, 23]

	 [23, 3]

	 [23, 3]

	 [23, 3]

	 [23, 3]

	 [23, 3]

	 [23, 3]

	 [23, 3]

	 [23, 3]

	 [23, 3]

ITERACION:  59

INTERMCAMBIO: ( 23 ,  3 )

RECORRIDO:  [98, 7, 32, 83, 29, 51, 19, 49, 9, 8, 96, 26, 20, 39, 47, 25, 23, 54, 16, 42, 95, 38, 86, 71, 58, 87, 43, 30, 82, 17, 67, 77, 59, 91, 60, 41, 56, 36, 92, 84, 94, 68, 53, 31, 99, 61, 12, 34, 57, 24, 4, 28, 11, 78, 35, 80, 27, 64, 81, 75, 97, 62, 90, 69, 44, 70, 46, 37, 55, 40, 18, 21, 2, 1, 85, 52, 33, 89, 5, 65, 6, 50, 10, 63, 45, 72, 73, 22, 79, 3, 15, 48, 74, 88, 93, 14, 66, 76, 13]

COSTE(km):  9928

ITERACIONES SIN MEJORA:  9

	 [73, 57]

	 [48, 32]

	 [81, 1]

	 [27, 17]

	 [60, 49]

	 [34, 19]

	 [76, 64]

	 [90, 12]

	 [42, 0]

	 [83, 3]

	 [15, 6]

	 [71, 21]

	 [17, 9]

	 [75, 26]

	 [93, 28]

	 [94, 36]

	 [77, 50]

	 [66, 13]

	 [87, 5]

	 [53, 5]

	 [51, 39]

	 [76, 55]

	 [97, 36]

	 [37, 24]

	 [82, 23]

	 [68, 21]

	 [49, 41]

	 [88, 66]

	 [54, 47]

	 [63, 13]

	 [54, 30]

	 [89, 8]

	 [96, 52]

	 [95, 53]

	 [96, 45]

	 [45, 40]

	 [14, 12]

	 [56, 54]

	 [88, 36]

	 [65, 37]

	 [39, 38]

	 [55, 45]

	 [76, 10]

	 [45, 9]

	 [9, 0]

	 [73, 0]

	 [74, 19]

	 [62, 46]

	 [48, 46]

	 [65, 23]

	 [23, 3]

	 [23, 3]

	 [23, 3]

	 [23, 3]

	 [23, 3]

	 [23, 3]

	 [23, 3]

	 [23, 3]

	 [23, 3]

	 [23, 3]

ITERACION:  60

INTERMCAMBIO: ( 23 ,  3 )

RECORRIDO:  [98, 7, 32, 83, 29, 51, 19, 49, 9, 8, 96, 26, 20, 39, 47, 25, 23, 54, 16, 42, 95, 38, 86, 71, 58, 87, 43, 30, 82, 17, 67, 77, 59, 91, 60, 41, 56, 36, 92, 84, 94, 68, 53, 31, 99, 61, 12, 34, 57, 24, 4, 28, 11, 78, 35, 80, 27, 64, 81, 75, 97, 62, 90, 69, 44, 70, 46, 37, 55, 40, 18, 21, 2, 1, 85, 52, 33, 89, 5, 65, 6, 50, 10, 63, 45, 72, 73, 22, 79, 3, 15, 48, 74, 88, 93, 14, 66, 76, 13]

COSTE(km):  9928

ITERACIONES SIN MEJORA:  10

	 [73, 57]

	 [48, 32]

	 [81, 1]

	 [27, 17]

	 [60, 49]

	 [34, 19]

	 [76, 64]

	 [90, 12]

	 [42, 0]

	 [83, 3]

	 [15, 6]

	 [71, 21]

	 [17, 9]

	 [75, 26]

	 [93, 28]

	 [94, 36]

	 [77, 50]

	 [66, 13]

	 [87, 5]

	 [53, 5]

	 [51, 39]

	 [76, 55]

	 [97, 36]

	 [37, 24]

	 [82, 23]

	 [68, 21]

	 [49, 41]

	 [88, 66]

	 [54, 47]

	 [63, 13]

	 [54, 30]

	 [89, 8]

	 [96, 52]

	 [95, 53]

	 [96, 45]

	 [45, 40]

	 [14, 12]

	 [56, 54]

	 [88, 36]

	 [65, 37]

	 [39, 38]

	 [55, 45]

	 [76, 10]

	 [45, 9]

	 [9, 0]

	 [73, 0]

	 [74, 19]

	 [62, 46]

	 [48, 46]

	 [65, 23]

	 [23, 3]

	 [23, 3]

	 [23, 3]

	 [23, 3]

	 [23, 3]

	 [23, 3]

	 [23, 3]

	 [23, 3]

	 [23, 3]

	 [23, 3]

	 [23, 3]

ITERACION:  61

INTERMCAMBIO: ( 23 ,  3 )

RECORRIDO:  [98, 7, 32, 83, 29, 51, 19, 49, 9, 8, 96, 26, 20, 39, 47, 25, 23, 54, 16, 42, 95, 38, 86, 71, 58, 87, 43, 30, 82, 17, 67, 77, 59, 91, 60, 41, 56, 36, 92, 84, 94, 68, 53, 31, 99, 61, 12, 34, 57, 24, 4, 28, 11, 78, 35, 80, 27, 64, 81, 75, 97, 62, 90, 69, 44, 70, 46, 37, 55, 40, 18, 21, 2, 1, 85, 52, 33, 89, 5, 65, 6, 50, 10, 63, 45, 72, 73, 22, 79, 3, 15, 48, 74, 88, 93, 14, 66, 76, 13]

COSTE(km):  9928

ITERACIONES SIN MEJORA:  11

	 [73, 57]

	 [48, 32]

	 [81, 1]

	 [27, 17]

	 [60, 49]

	 [34, 19]

	 [76, 64]

	 [90, 12]

	 [42, 0]

	 [83, 3]

	 [15, 6]

	 [71, 21]

	 [17, 9]

	 [75, 26]

	 [93, 28]

	 [94, 36]

	 [77, 50]

	 [66, 13]

	 [87, 5]

	 [53, 5]

	 [51, 39]

	 [76, 55]

	 [97, 36]

	 [37, 24]

	 [82, 23]

	 [68, 21]

	 [49, 41]

	 [88, 66]

	 [54, 47]

	 [63, 13]

	 [54, 30]

	 [89, 8]

	 [96, 52]

	 [95, 53]

	 [96, 45]

	 [45, 40]

	 [14, 12]

	 [56, 54]

	 [88, 36]

	 [65, 37]

	 [39, 38]

	 [55, 45]

	 [76, 10]

	 [45, 9]

	 [9, 0]

	 [73, 0]

	 [74, 19]

	 [62, 46]

	 [48, 46]

	 [65, 23]

	 [23, 3]

	 [23, 3]

	 [23, 3]

	 [23, 3]

	 [23, 3]

	 [23, 3]

	 [23, 3]

	 [23, 3]

	 [23, 3]

	 [23, 3]

	 [23, 3]

	 [23, 3]

ITERACION:  62

INTERMCAMBIO: ( 23 ,  3 )

RECORRIDO:  [98, 7, 32, 83, 29, 51, 19, 49, 9, 8, 96, 26, 20, 39, 47, 25, 23, 54, 16, 42, 95, 38, 86, 71, 58, 87, 43, 30, 82, 17, 67, 77, 59, 91, 60, 41, 56, 36, 92, 84, 94, 68, 53, 31, 99, 61, 12, 34, 57, 24, 4, 28, 11, 78, 35, 80, 27, 64, 81, 75, 97, 62, 90, 69, 44, 70, 46, 37, 55, 40, 18, 21, 2, 1, 85, 52, 33, 89, 5, 65, 6, 50, 10, 63, 45, 72, 73, 22, 79, 3, 15, 48, 74, 88, 93, 14, 66, 76, 13]

COSTE(km):  9928

ITERACIONES SIN MEJORA:  12

	 [73, 57]

	 [48, 32]

	 [81, 1]

	 [27, 17]

	 [60, 49]

	 [34, 19]

	 [76, 64]

	 [90, 12]

	 [42, 0]

	 [83, 3]

	 [15, 6]

	 [71, 21]

	 [17, 9]

	 [75, 26]

	 [93, 28]

	 [94, 36]

	 [77, 50]

	 [66, 13]

	 [87, 5]

	 [53, 5]

	 [51, 39]

	 [76, 55]

	 [97, 36]

	 [37, 24]

	 [82, 23]

	 [68, 21]

	 [49, 41]

	 [88, 66]

	 [54, 47]

	 [63, 13]

	 [54, 30]

	 [89, 8]

	 [96, 52]

	 [95, 53]

	 [96, 45]

	 [45, 40]

	 [14, 12]

	 [56, 54]

	 [88, 36]

	 [65, 37]

	 [39, 38]

	 [55, 45]

	 [76, 10]

	 [45, 9]

	 [9, 0]

	 [73, 0]

	 [74, 19]

	 [62, 46]

	 [48, 46]

	 [65, 23]

	 [23, 3]

	 [23, 3]

	 [23, 3]

	 [23, 3]

	 [23, 3]

	 [23, 3]

	 [23, 3]

	 [23, 3]

	 [23, 3]

	 [23, 3]

	 [23, 3]

	 [23, 3]

	 [23, 3]

ITERACION:  63

INTERMCAMBIO: ( 23 ,  3 )

RECORRIDO:  [98, 7, 32, 83, 29, 51, 19, 49, 9, 8, 96, 26, 20, 39, 47, 25, 23, 54, 16, 42, 95, 38, 86, 71, 58, 87, 43, 30, 82, 17, 67, 77, 59, 91, 60, 41, 56, 36, 92, 84, 94, 68, 53, 31, 99, 61, 12, 34, 57, 24, 4, 28, 11, 78, 35, 80, 27, 64, 81, 75, 97, 62, 90, 69, 44, 70, 46, 37, 55, 40, 18, 21, 2, 1, 85, 52, 33, 89, 5, 65, 6, 50, 10, 63, 45, 72, 73, 22, 79, 3, 15, 48, 74, 88, 93, 14, 66, 76, 13]

COSTE(km):  9928

ITERACIONES SIN MEJORA:  13

	 [73, 57]

	 [48, 32]

	 [81, 1]

	 [27, 17]

	 [60, 49]

	 [34, 19]

	 [76, 64]

	 [90, 12]

	 [42, 0]

	 [83, 3]

	 [15, 6]

	 [71, 21]

	 [17, 9]

	 [75, 26]

	 [93, 28]

	 [94, 36]

	 [77, 50]

	 [66, 13]

	 [87, 5]

	 [53, 5]

	 [51, 39]

	 [76, 55]

	 [97, 36]

	 [37, 24]

	 [82, 23]

	 [68, 21]

	 [49, 41]

	 [88, 66]

	 [54, 47]

	 [63, 13]

	 [54, 30]

	 [89, 8]

	 [96, 52]

	 [95, 53]

	 [96, 45]

	 [45, 40]

	 [14, 12]

	 [56, 54]

	 [88, 36]

	 [65, 37]

	 [39, 38]

	 [55, 45]

	 [76, 10]

	 [45, 9]

	 [9, 0]

	 [73, 0]

	 [74, 19]

	 [62, 46]

	 [48, 46]

	 [65, 23]

	 [23, 3]

	 [23, 3]

	 [23, 3]

	 [23, 3]

	 [23, 3]

	 [23, 3]

	 [23, 3]

	 [23, 3]

	 [23, 3]

	 [23, 3]

	 [23, 3]

	 [23, 3]

	 [23, 3]

	 [23, 3]

ITERACION:  64

INTERMCAMBIO: ( 23 ,  3 )

RECORRIDO:  [98, 7, 32, 83, 29, 51, 19, 49, 9, 8, 96, 26, 20, 39, 47, 25, 23, 54, 16, 42, 95, 38, 86, 71, 58, 87, 43, 30, 82, 17, 67, 77, 59, 91, 60, 41, 56, 36, 92, 84, 94, 68, 53, 31, 99, 61, 12, 34, 57, 24, 4, 28, 11, 78, 35, 80, 27, 64, 81, 75, 97, 62, 90, 69, 44, 70, 46, 37, 55, 40, 18, 21, 2, 1, 85, 52, 33, 89, 5, 65, 6, 50, 10, 63, 45, 72, 73, 22, 79, 3, 15, 48, 74, 88, 93, 14, 66, 76, 13]

COSTE(km):  9928

ITERACIONES SIN MEJORA:  14

	 [73, 57]

	 [48, 32]

	 [81, 1]

	 [27, 17]

	 [60, 49]

	 [34, 19]

	 [76, 64]

	 [90, 12]

	 [42, 0]

	 [83, 3]

	 [15, 6]

	 [71, 21]

	 [17, 9]

	 [75, 26]

	 [93, 28]

	 [94, 36]

	 [77, 50]

	 [66, 13]

	 [87, 5]

	 [53, 5]

	 [51, 39]

	 [76, 55]

	 [97, 36]

	 [37, 24]

	 [82, 23]

	 [68, 21]

	 [49, 41]

	 [88, 66]

	 [54, 47]

	 [63, 13]

	 [54, 30]

	 [89, 8]

	 [96, 52]

	 [95, 53]

	 [96, 45]

	 [45, 40]

	 [14, 12]

	 [56, 54]

	 [88, 36]

	 [65, 37]

	 [39, 38]

	 [55, 45]

	 [76, 10]

	 [45, 9]

	 [9, 0]

	 [73, 0]

	 [74, 19]

	 [62, 46]

	 [48, 46]

	 [65, 23]

	 [23, 3]

	 [23, 3]

	 [23, 3]

	 [23, 3]

	 [23, 3]

	 [23, 3]

	 [23, 3]

	 [23, 3]

	 [23, 3]

	 [23, 3]

	 [23, 3]

	 [23, 3]

	 [23, 3]

	 [23, 3]

	 [23, 3]

ITERACION:  65

INTERMCAMBIO: ( 23 ,  3 )

RECORRIDO:  [98, 7, 32, 83, 29, 51, 19, 49, 9, 8, 96, 26, 20, 39, 47, 25, 23, 54, 16, 42, 95, 38, 86, 71, 58, 87, 43, 30, 82, 17, 67, 77, 59, 91, 60, 41, 56, 36, 92, 84, 94, 68, 53, 31, 99, 61, 12, 34, 57, 24, 4, 28, 11, 78, 35, 80, 27, 64, 81, 75, 97, 62, 90, 69, 44, 70, 46, 37, 55, 40, 18, 21, 2, 1, 85, 52, 33, 89, 5, 65, 6, 50, 10, 63, 45, 72, 73, 22, 79, 3, 15, 48, 74, 88, 93, 14, 66, 76, 13]

COSTE(km):  9928

ITERACIONES SIN MEJORA:  15

	 [73, 57]

	 [48, 32]

	 [81, 1]

	 [27, 17]

	 [60, 49]

	 [34, 19]

	 [76, 64]

	 [90, 12]

	 [42, 0]

	 [83, 3]

	 [15, 6]

	 [71, 21]

	 [17, 9]

	 [75, 26]

	 [93, 28]

	 [94, 36]

	 [77, 50]

	 [66, 13]

	 [87, 5]

	 [53, 5]

	 [51, 39]

	 [76, 55]

	