
ITERACION:  0

INTERMCAMBIO: ( 73 ,  57 )

RECORRIDO:  [53, 50, 32, 63, 29, 22, 25, 49, 3, 54, 33, 26, 15, 56, 20, 19, 23, 30, 16, 60, 95, 21, 86, 10, 83, 87, 52, 61, 88, 17, 27, 77, 12, 91, 85, 41, 93, 58, 84, 28, 80, 24, 8, 31, 99, 66, 90, 67, 59, 97, 89, 92, 94, 51, 34, 96, 35, 64, 81, 75, 68, 62, 57, 39, 1, 36, 69, 37, 38, 40, 18, 55, 2, 98, 42, 43, 44, 4, 5, 65, 6, 7, 70, 71, 45, 72, 73, 14, 46, 9, 47, 48, 74, 82, 76, 78, 11, 79, 13]

COSTE(km):  45073

ITERACIONES SIN MEJORA:  0

	 [73, 57]

ITERACION:  1

INTERMCAMBIO: ( 48 ,  32 )

RECORRIDO:  [53, 50, 32, 63, 29, 22, 25, 49, 3, 54, 33, 26, 15, 56, 20, 19, 23, 30, 16, 60, 95, 21, 86, 10, 83, 87, 52, 61, 88, 17, 27, 77, 59, 91, 85, 41, 93, 58, 84, 28, 80, 24, 8, 31, 99, 66, 90, 67, 12, 97, 89, 92, 94, 51, 34, 96, 35, 64, 81, 75, 68, 62, 57, 39, 1, 36, 69, 37, 38, 40, 18, 55, 2, 98, 42, 43, 44, 4, 5, 65, 6, 7, 70, 71, 45, 72, 73, 14, 46, 9, 47, 48, 74, 82, 76, 78, 11, 79, 13]

COSTE(km):  42450

ITERACIONES SIN MEJORA:  0

	 [73, 57]

	 [48, 32]

ITERACION:  2

INTERMCAMBIO: ( 81 ,  1 )

RECORRIDO:  [53, 7, 32, 63, 29, 22, 25, 49, 3, 54, 33, 26, 15, 56, 20, 19, 23, 30, 16, 60, 95, 21, 86, 10, 83, 87, 52, 61, 88, 17, 27, 77, 59, 91, 85, 41, 93, 58, 84, 28, 80, 24, 8, 31, 99, 66, 90, 67, 12, 97, 89, 92, 94, 51, 34, 96, 35, 64, 81, 75, 68, 62, 57, 39, 1, 36, 69, 37, 38, 40, 18, 55, 2, 98, 42, 43, 44, 4, 5, 65, 6, 50, 70, 71, 45, 72, 73, 14, 46, 9, 47, 48, 74, 82, 76, 78, 11, 79, 13]

COSTE(km):  40294

ITERACIONES SIN MEJORA:  0

	 [73, 57]

	 [48, 32]

	 [81, 1]

ITERACION:  3
